0
-0.001899
-0.004309
-0.009491
-0.017216
-0.027159
-0.039078
-0.052728
-0.067952
-0.084498
-0.102106
-0.120606
-0.139920
-0.159873
-0.180292
-0.200998
-0.221997
-0.243112
-0.264163
-0.285153
-0.305998
-0.326703
-0.347091
-0.367075
-0.386663
-0.405864
-0.424596
-0.442779
-0.460422
-0.477448
-0.493870
-0.509703
-0.524874
-0.539399
-0.553207
-0.566316
-0.578749
-0.590531
-0.601595
-0.611967
-0.621675
-0.630656
-0.638942
-0.646563
-0.653462
-0.659671
-0.665228
-0.670078
-0.674258
-0.677809
-0.680774
-0.683103
-0.684747
-0.685845
-0.686351
-0.686221
-0.685502
-0.684246
-0.682411
-0.680051
-0.677125
-0.673690
-0.669803
-0.665429
-0.660534
-0.655177
-0.649327
-0.643046
-0.636302
-0.629162
-0.621599
-0.613678
-0.605376
-0.596669
-0.587627
-0.578227
-0.568450
-0.558368
-0.547962
-0.537309
-0.526300
-0.515011
-0.503428
-0.491631
-0.479607
-0.467347
-0.454841
-0.442171
-0.429237
-0.416124
-0.402826
-0.389431
-0.375842
-0.362150
-0.348259
-0.334259
-0.320150
-0.305933
-0.291701
-0.277366
-0.262929
-0.248487
-0.233952
-0.219421
-0.204809
-0.190213
-0.175549
-0.160916
-0.146325
-0.131692
-0.117118
-0.102522
-0.088008
-0.073493
-0.059082
-0.044696
-0.030441
-0.016238
-0.002100
0.011959
0.026019
0.039879
0.053709
0.067402
0.080942
0.094404
0.107680
0.120846
0.133885
0.146782
0.159518
0.172076
0.184439
0.196681
0.208787
0.220740
0.232523
0.244118
0.255508
0.266769
0.277884
0.288838
0.299614
0.310195
0.320563
0.330796
0.340879
0.350795
0.360530
0.370067
0.379391
0.388578
0.397615
0.406488
0.415183
0.423685
0.432073
0.440242
0.448269
0.456143
0.463850
0.471471
0.478903
0.486226
0.493335
0.500311
0.507142
0.513819
0.520423
0.526852
0.533189
0.539331
0.545360
0.551267
0.557044
0.562681
0.568262
0.573688
0.579042
0.584225
0.589320
0.594320
0.599219
0.604009
0.608684
0.613330
0.617848
0.622325
0.626663
0.630948
0.635175
0.639245
0.643245
0.647170
0.651014
0.654773
0.658536
0.662205
0.665776
0.669337
0.672793
0.676231
0.679554
0.682851
0.686120
0.689263
0.692369
0.695435
0.698458
0.701434
0.704362
0.707237
0.710057
0.712818
0.715611
0.718342
0.721007
0.723602
0.726219
0.728762
0.731323
0.733806
0.736302
0.738715
0.741137
0.743472
0.745811
0.748152
0.750401
0.752647
0.754890
0.757129
0.759267
0.761396
0.763513
0.765617
0.767708
0.769784
0.771843
0.773883
0.775904
0.777904
0.779880
0.781832
0.783757
0.785655
0.787522
0.789359
0.791162
0.792930
0.794755
0.796544
0.798295
0.800006
0.801675
0.803394
0.805071
0.806702
0.808380
0.810011
0.811593
0.813219
0.814794
0.816410
0.817975
0.819579
0.821129
0.822622
0.824151
0.825621
0.827124
0.828566
0.830039
0.831450
0.832889
0.834356
0.835758
0.837186
0.838546
0.839930
0.841337
0.842674
0.844031
0.845315
0.846617
0.847936
0.849274
0.850535
0.851811
0.853101
0.854311
0.855533
0.856766
0.858010
0.859170
0.860338
0.861514
0.862696
0.863884
0.865078
0.866184
0.867293
0.868403
0.869515
0.870628
0.871741
0.872855
0.873968
0.875080
0.876096
0.877107
0.878112
0.879112
0.880104
0.881088
0.882064
0.883032
0.883989
0.885030
0.885969
0.886990
0.888000
0.888906
0.889891
0.890863
0.891822
0.892766
0.893695
0.894607
0.895502
0.896379
0.897236
0.898073
0.898888
0.899776
0.900643
0.901488
0.902311
0.903110
0.903884
0.904726
0.905544
0.906336
0.907102
0.907840
0.908644
0.909420
0.910167
0.910885
0.911666
0.912417
0.913138
0.913826
0.914575
0.915293
0.915977
0.916721
0.917432
0.918109
0.918750
0.919449
0.920111
0.920737
0.921419
0.922063
0.922670
0.923330
0.923953
0.924629
0.925267
0.925865
0.926516
0.927127
0.927696
0.928316
0.928894
0.929523
0.930109
0.930652
0.931243
0.931791
0.932387
0.932938
0.933537
0.934091
0.934599
0.935152
0.935658
0.936210
0.936714
0.937262
0.937762
0.938306
0.938802
0.939340
0.939830
0.940361
0.940843
0.941367
0.941840
0.942354
0.942816
0.943319
0.943769
0.944259
0.944695
0.945170
0.945591
0.946050
0.946454
0.946895
0.947374
0.947798
0.948259
0.948663
0.949104
0.949488
0.949906
0.950361
0.950759
0.951191
0.951565
0.951973
0.952415
0.952799
0.953217
0.953574
0.953964
0.954387
0.954749
0.955143
0.955476
0.955839
0.956234
0.956567
0.956930
0.957323
0.957654
0.958014
0.958311
0.958636
0.958989
0.959372
0.959692
0.960039
0.960322
0.960631
0.960968
0.961333
0.961633
0.961959
0.962313
0.962601
0.962914
0.963254
0.963528
0.963826
0.964149
0.964405
0.964685
0.964990
0.965320
0.965582
0.965867
0.966177
0.966417
0.966680
0.966966
0.967277
0.967517
0.967780
0.968065
0.968279
0.968515
0.968772
0.969051
0.969259
0.969487
0.969737
0.970007
0.970205
0.970424
0.970662
0.970922
0.971203
0.971411
0.971640
0.971888
0.972157
0.972353
0.972569
0.972803
0.973057
0.973238
0.973436
0.973653
0.973889
0.974144
0.974325
0.974524
0.974741
0.974976
0.975230
0.975410
0.975606
0.975820
0.976052
0.976208
0.976380
0.976568
0.976773
0.976995
0.977235
0.977399
0.977578
0.977773
0.977985
0.978214
0.978366
0.978533
0.978715
0.978913
0.979127
0.979263
0.979412
0.979577
0.979755
0.979949
0.980158
0.980289
0.980434
0.980592
0.980764
0.980951
0.981152
0.981275
0.981410
0.981558
0.981720
0.981895
0.982084
0.982194
0.982315
0.982448
0.982594
0.982752
0.982924
0.983109
0.983213
0.983329
0.983457
0.983596
0.983747
0.983911
0.984088
0.984184
0.984291
0.984408
0.984536
0.984676
0.984827
0.984990
0.985164
0.985257
0.985360
0.985473
0.985596
0.985730
0.985875
0.986030
0.986103
0.986185
0.986276
0.986377
0.986487
0.986607
0.986737
0.986878
0.987030
0.987098
0.987175
0.987260
0.987355
0.987458
0.987571
0.987693
0.987825
0.987967
0.988119
0.988187
0.988262
0.988345
0.988436
0.988536
0.988643
0.988760
0.988885
0.989020
0.989069
0.989126
0.989189
0.989260
0.989338
0.989424
0.989518
0.989620
0.989730
0.989849
0.989976
0.990112
0.990164
0.990221
0.990286
0.990357
0.990435
0.990520
0.990612
0.990711
0.990818
0.990932
0.991054
0.991089
0.991130
0.991177
0.991229
0.991286
0.991350
0.991420
0.991497
0.991579
0.991669
0.991765
0.991867
0.991977
0.992094
0.992124
0.992158
0.992198
0.992242
0.992292
0.992347
0.992407
0.992474
0.992546
0.992624
0.992708
0.992799
0.992896
0.992999
0.993109
0.993132
0.993160
0.993191
0.993227
0.993268
0.993313
0.993363
0.993418
0.993477
0.993542
0.993612
0.993687
0.993768
0.993854
0.993945
0.994041
0.994049
0.994061
0.994075
0.994093
0.994114
0.994138
0.994166
0.994197
0.994233
0.994272
0.994316
0.994363
0.994415
0.994471
0.994532
0.994597
0.994667
0.994741
0.994821
0.994905
0.994994
0.995088
0.995093
0.995101
0.995111
0.995125
0.995141
0.995160
0.995182
0.995208
0.995237
0.995270
0.995307
0.995347
0.995392
0.995441
0.995494
0.995551
0.995612
0.995678
0.995748
0.995824
0.995903
0.995988
0.996078
0.996078
0.996080
0.996085
0.996091
0.996100
0.996112
0.996126
0.996142
0.996161
0.996182
0.996207
0.996234
0.996263
0.996296
0.996332
0.996370
0.996411
0.996456
0.996503
0.996553
0.996606
0.996663
0.996722
0.996785
0.996851
0.996920
0.996992
0.997067
0.997051
0.997036
0.997021
0.997008
0.996995
0.997077
0.997068
0.997061
0.997054
0.997049
0.997045
0.997042
0.997041
0.997041
0.997043
0.997047
0.997052
0.997059
0.997068
0.997079
0.997092
0.997107
0.997124
0.997143
0.997164
0.997188
0.997214
0.997243
0.997274
0.997307
0.997343
0.997382
0.997423
0.997467
0.997514
0.997563
0.997615
0.997670
0.997727
0.997787
0.997850
0.997916
0.997985
0.998057
0.998037
0.998017
0.997998
0.998073
0.998057
0.998042
0.998027
0.998013
0.997999
0.998080
0.998071
0.998062
0.998055
0.998048
0.998043
0.998039
0.998036
0.998035
0.998035
0.998037
0.998040
0.998045
0.998052
0.998061
0.998071
0.998084
0.998098
0.998115
0.998133
0.998154
0.998178
0.998203
0.998231
0.998262
0.998294
0.998330
0.998368
0.998408
0.998452
0.998497
0.998546
0.998597
0.998651
0.998708
0.998767
0.998830
0.998895
0.998963
0.999033
0.999013
0.998992
0.999066
0.999049
0.999031
0.999014
0.998997
0.999075
0.999061
0.999048
0.999034
0.999021
0.999008
0.998995
0.999076
0.999067
0.999058
0.999049
0.999040
0.999031
0.999023
0.999016
0.999008
0.999001
0.998994
0.999082
0.999078
0.999075
0.999072
0.999069
0.999066
0.999064
0.999062
0.999060
0.999059
0.999058
0.999057
0.999056
0.999055
0.999055
0.999055
0.999056
0.999056
0.999057
0.999058
0.999060
0.999061
0.999063
0.999065
0.999068
0.999071
0.999073
0.999077
0.999080
0.999084
0.999087
0.999092
0.999096
0.999100
0.999105
0.999110
0.999115
0.999120
0.999126
0.999131
0.999137
0.999143
0.999150
0.999156
0.999162
0.999169
0.999176
0.999183
0.999189
0.999197
0.999204
0.999211
0.999219
0.999226
0.999234
0.999241
0.999249
0.999257
0.999264
0.999272
0.999280
0.999288
0.999296
0.999304
0.999312
0.999319
0.999327
0.999335
0.999343
0.999350
0.999358
0.999366
0.999373
0.999380
0.999388
0.999395
0.999402
0.999409
0.999416
0.999423
0.999430
0.999436
0.999442
0.999449
0.999455
0.999461
0.999466
0.999472
0.999478
0.999483
0.999488
0.999493
0.999497
0.999502
0.999506
0.999510
0.999514
0.999518
0.999521
0.999524
0.999527
0.999530
0.999532
0.999534
0.999537
0.999538
0.999540
0.999541
0.999542
0.999543
0.999544
0.999544
0.999544
0.999544
0.999544
0.999543
0.999542
0.999541
0.999540
0.999538
0.999537
0.999534
0.999532
0.999530
0.999527
0.999524
0.999521
0.999518
0.999514
0.999510
0.999506
0.999502
0.999498
0.999493
0.999489
0.999484
0.999479
0.999474
0.999468
0.999463
0.999457
0.999451
0.999445
0.999439