-1.22625e-05
-3.67851e-05
-6.09782e-05
-6.87311e-05
-6.00211e-05
-3.48253e-05
6.87916e-06
6.5115e-05
0.000139905
0.000231272
0.000339239
0.000463829
0.000605065
0.000762968
0.000937563
0.00112887
0.00133692
0.00156172
0.00180331
0.00205256
0.00231861
0.00260149
0.00290121
0.00320865
0.00353296
0.00387416
0.00423227
0.00459817
0.004981
0.00538078
0.0057884
0.00621299
0.00665457
0.00710403
0.0075705
0.00804486
0.00853626
0.00903557
0.00955194
0.0100762
0.0106176
0.0111669
0.0117333
0.0123077
0.0128992
0.0134986
0.0141153
0.0147399
0.0153816
0.0160314
0.0166892
0.0173642
0.0180472
0.0187382
0.0194464
0.0201627
0.0208871
0.0216286
0.0223782
0.0231359
0.0239107
0.0246937
0.0254847
0.0262839
0.0271002
0.0279246
0.0287572
0.0295978
0.0304465
0.0313125
0.0321865
0.0330686
0.0339589
0.0348572
0.0357636
0.0366781
0.0376099
0.0385497
0.0394976
0.0404537
0.0414178
0.04239
0.0433703
0.0443587
0.0453551
0.0463597
0.0473722
0.0483929
0.0494216
0.0504584
0.0515032
0.0525561
0.053617
0.0546859
0.0557629
0.0568479
0.0579409
0.059042
0.0601511
0.0612682
0.0623932
0.0635172
0.0646491
0.065789
0.0669369
0.0680927
0.0692565
0.0704283
0.0716079
0.0727864
0.0739728
0.0751671
0.0763693
0.0775795
0.0787975
0.0800142
0.0812388
0.0824713
0.0837116
0.0849506
0.0861975
0.0874521
0.0887146
0.0899848
0.0912538
0.0925304
0.0938149
0.0951071
0.0963979
0.0976964
0.0990026
0.100307
0.10162
0.10294
0.104259
0.105585
0.106919
0.108261
0.109601
0.110949
0.112304
0.113657
0.115019
0.116388
0.117755
0.11913
0.120503
0.121883
0.123271
0.124658
0.126052
0.127453
0.128852
0.130259
0.131664
0.133077
0.134497
0.135915
0.13734
0.138764
0.140195
0.141633
0.143069
0.144513
0.145954
0.147403
0.14885
0.150304
0.151765
0.153225
0.154691
0.156155
0.157627
0.159096
0.160572
0.162047
0.163528
0.165007
0.166494
0.167978
0.169469
0.170957
0.172453
0.173956
0.175456
0.176963
0.178468
0.17998
0.181489
0.183005
0.184519
0.18604
0.187558
0.189074
0.190596
0.192116
0.193643
0.195167
0.196698
0.198226
0.199761
0.201293
0.202832
0.204368
0.205911
0.207451
0.208998
0.210541
0.212092
0.213639
0.215193
0.216744
0.218293
0.219847
0.221399
0.222957
0.224513
0.226074
0.227633
0.229198
0.23076
0.232319
0.233884
0.235446
0.237014
0.238579
0.24015
0.241718
0.243283
0.244854
0.246422
0.247996
0.249567
0.251143
0.252717
0.254296
0.255872
0.257444
0.259023
0.260598
0.262179
0.263756
0.26533
0.26691
0.268487
0.270069
0.271647
0.273231
0.274812
0.276389
0.277972
0.279551
0.281136
0.282717
0.284303
0.285886
0.287465
0.28905
0.290631
0.292217
0.293799
0.295378
0.296962
0.298542
0.300127
0.301709
0.303296
0.304878
0.306457
0.308041
0.309621
0.311206
0.312788
0.314365
0.315947
0.317525
0.319108
0.320687
0.322271
0.32385
0.325426
0.327006
0.328582
0.330163
0.33174
0.333313
0.33489
0.336463
0.33804
0.339613
0.341191
0.342765
0.344334
0.345908
0.347477
0.349051
0.35062
0.352194
0.353763
0.355328
0.356897
0.358461
0.36003
0.361594
0.363163
0.364727
0.366286
0.36785
0.369408
0.370972
0.37253
0.374092
0.37565
0.377212
0.378768
0.38032
0.381876
0.383428
0.384983
0.386533
0.388087
0.389636
0.39119
0.392738
0.394281
0.395828
0.397369
0.398915
0.400456
0.402
0.403539
0.405082
0.40662
0.408161
0.409697
0.411228
0.412762
0.414291
0.415824
0.417351
0.418882
0.420408
0.421937
0.42346
0.424987
0.426509
0.428034
0.429553
0.431076
0.432594
0.434105
0.43562
0.43713
0.438642
0.440149
0.441659
0.443164
0.444671
0.446173
0.447678
0.449178
0.45068
0.452177
0.453676
0.45517
0.456667
0.458158
0.459651
0.461139
0.46263
0.464115
0.465603
0.467085
0.468569
0.470048
0.471529
0.473004
0.474482
0.475954
0.477429
0.478897
0.480368
0.481842
0.48331
0.48478
0.486244
0.487711
0.489171
0.490634
0.49209
0.493549
0.495002
0.496457
0.497906
0.499357
0.500801
0.502248
0.503698
0.50514
0.506586
0.508024
0.509465
0.5109
0.512336
0.513766
0.515198
0.516633
0.518061
0.51949
0.520913
0.522339
0.523757
0.525178
0.5266
0.528016
0.529434
0.530845
0.532258
0.533664
0.535072
0.536482
0.537885
0.53929
0.540688
0.542087
0.543489
0.544883
0.54628
0.547669
0.54906
0.550453
0.551838
0.553226
0.554606
0.555988
0.557371
0.558747
0.560125
0.561505
0.562877
0.564251
0.565617
0.566985
0.568354
0.569716
0.57108
0.572445
0.573802
0.575161
0.576513
0.577866
0.57922
0.580566
0.581914
0.583264
0.584606
0.585949
0.587293
0.588629
0.589967
0.591306
0.592638
0.59397
0.595304
0.59663
0.597957
0.599285
0.600605
0.601927
0.603249
0.604564
0.605879
0.607196
0.608505
0.609814
0.611125
0.612427
0.613731
0.615035
0.616332
0.617629
0.618927
0.620217
0.621507
0.622799
0.624091
0.625375
0.62666
0.627946
0.629223
0.630501
0.63178
0.633059
0.63433
0.635602
0.636875
0.638138
0.639403
0.640668
0.641934
0.643191
0.644448
0.645707
0.646965
0.648215
0.649466
0.650717
0.651969
0.653211
0.654455
0.655698
0.656942
0.658177
0.659413
0.660649
0.661885
0.663113
0.66434
0.665568
0.666796
0.668016
0.669235
0.670455
0.671674
0.672885
0.674096
0.675307
0.676519
0.67773
0.678932
0.680134
0.681337
0.682539
0.683741
0.684935
0.686128
0.687321
0.688514
0.689707
0.690891
0.692075
0.693258
0.694442
0.695625
0.696799
0.697973
0.699146
0.700319
0.701492
0.702665
0.703829
0.704992
0.706155
0.707317
0.708479
0.709641
0.710793
0.711945
0.713097
0.714248
0.715399
0.716549
0.717689
0.71883
0.719969
0.721108
0.722247
0.723385
0.724522
0.72565
0.726777
0.727903
0.729029
0.730155
0.731279
0.732403
0.733517
0.73463
0.735743
0.736855
0.737966
0.739076
0.740186
0.741295
0.742403
0.743501
0.744598
0.745694
0.74679
0.747884
0.748978
0.75007
0.751162
0.752253
0.753342
0.754422
0.755501
0.756578
0.757655
0.758731
0.759805
0.760878
0.761951
0.763022
0.764092
0.765161
0.766228
0.767286
0.768342
0.769397
0.770451
0.771504
0.772555
0.773605
0.774654
0.775701
0.776747
0.777792
0.778836
0.779878
0.780919
0.781958
0.782996
0.784033
0.785068
0.786102
0.787134
0.788156
0.789176
0.790194
0.791212
0.792227
0.793241
0.794254
0.795265
0.796274
0.797282
0.798288
0.799292
0.800295
0.801296
0.802295
0.803293
0.804289
0.805283
0.806276
0.807266
0.808255
0.809243
0.810228
0.811211
0.812193
0.813173
0.814151
0.815127
0.816101
0.817074
0.818044
0.819013
0.819979
0.820944
0.821906
0.822867
0.823835
0.8248
0.825764
0.826726
0.827685
0.828643
0.829598
0.830552
0.831503
0.832452
0.833399
0.834344
0.835287
0.836227
0.837166
0.838102
0.839036
0.839967
0.840897
0.841824
0.842749
0.843681
0.84461
0.845537
0.846462
0.847384
0.848304
0.849222
0.850137
0.85105
0.85196
0.852868
0.853774
0.854677
0.855587
0.856494
0.857399
0.858301
0.859201
0.860098
0.860993
0.861885
0.862774
0.863661
0.864555
0.865446
0.866334
0.867219
0.868102
0.868982
0.86986
0.870735
0.871607
0.872485
0.873361
0.874234
0.875104
0.875972
0.876836
0.877698
0.878557
0.879423
0.880285
0.881145
0.882002
0.882855
0.883706
0.884554
0.8854
0.886251
0.887099
0.887945
0.888787
0.889626
0.890463
0.891305
0.892145
0.892981
0.893815
0.894645
0.895472
0.896305
0.897135
0.897962
0.898786
0.899607
0.900424
0.901248
0.902068
0.902885
0.903699
0.90451
0.905317
0.906131
0.906941
0.907748
0.908551
0.909351
0.910157
0.91096
0.911759
0.912555
0.913348
0.914146
0.914941
0.915733
0.916521
0.917306
0.918096
0.918883
0.919666
0.920446
0.921223
0.922005
0.922784
0.923559
0.92433
0.925098
0.925872
0.926642
0.927408
0.928171
0.928939
0.929704
0.930465
0.931222
0.931985
0.932744
0.933499
0.934251
0.935008
0.935762
0.936511
0.937257
0.937999
0.938747
0.93949
0.94023
0.940975
0.941717
0.942454
0.943188
0.943927
0.944662
0.945393
0.946121
0.946853
0.947582
0.948306
0.949027
0.949753
0.950475
0.951193
0.951907
0.952626
0.953341
0.954052
0.954768
0.95548
0.956188
0.956891
0.9576
0.958305
0.959006
0.959711
0.960413
0.96111
0.961803
0.962502
0.963196
0.963885
0.96458
0.96527
0.965957
0.966648
0.967334
0.968017
0.968704
0.969388
0.970066
0.970741
0.97142
0.972095
0.972766
0.973441
0.974112
0.974779
0.97545
0.976117
0.976779
0.977446
0.978109
0.978767
0.97943
0.980089
0.980743
0.981401
0.982055
0.982705
0.983359
0.984009
0.984654
0.985303
0.985948
0.986588
0.987233
0.987874
0.988518
0.989159
0.989794
0.990434
0.991069
0.9917
0.992335
0.992965
0.993591
0.994221
0.994846
0.995476
0.996101
0.996721
0.997345
0.997965
0.99858
0.999199
0.999813
1.00043
1.00105
1.00165
1.00227
1.00288
1.00348
1.00409
1.00469
1.0053
1.0059
1.0065
1.0071
1.00769
1.00829
1.00889
1.00948
1.01007
1.01066
1.01126
1.01184
1.01243
1.01301
1.0136
1.01418
1.01476
1.01534
1.01592
1.0165
1.01708
1.01765
1.01823
1.0188
1.01937
1.01994
1.0205
1.02107
1.02164
1.02221
1.02277
1.02333
1.02389
1.02445
1.02501
1.02556
1.02612
1.02668
1.02722
1.02778
1.02832
1.02887
1.02942
1.02997
1.03051
1.03106
1.0316
1.03215
1.03269
1.03322
1.03376
1.03429
1.03483
1.03536
1.03589
1.03642
1.03695
1.03748
1.03801
1.03854
1.03906
1.03959
1.0401
1.04063
1.04114
1.04166
1.04217
1.04269
1.0432
1.04372
1.04422
1.04474
1.04524
1.04575
1.04626
1.04676
1.04727
1.04777
1.04827
1.04877
1.04927
1.04977
1.05027
1.05076
1.05126
1.05175
1.05224
1.05273
1.05322
1.05371
1.0542
1.05468
1.05516
1.05565
1.05613
1.05661
1.05709
1.05757
1.05804
1.05852
1.05899
1.05946
1.05993
1.0604
1.06087
1.06134
1.06181
1.06228
1.06275
1.06321
1.06367
1.06413
1.06459
1.06505
1.06551
1.06596
1.06642
1.06687
1.06732
1.06778
1.06823
1.06868
1.06912
1.06957
1.07002
1.07046
1.0709
1.07134
1.07178
1.07222
1.07266
1.0731
1.07354
1.07397
1.0744
1.07483
1.07526
1.0757
1.07612
1.07656
1.07698
1.07741
1.07783
1.07825
1.07868
1.0791
1.07952
1.07994
1.08035
1.08077
1.08118
1.0816
1.08201
1.08242
1.08283
1.08324
1.08364
1.08405
1.08446
1.08486
1.08527
1.08566
1.08606
1.08647
1.08686
1.08726
1.08766
1.08805
1.08845
1.08884
1.08923
1.08962
1.09001
1.0904
1.09078
1.09117
1.09155
1.09194
1.09232
1.0927
1.09308
1.09346
1.09384
1.09422
1.09459
1.09497
1.09534
1.09571
1.09609
1.09646
1.09683
1.0972
1.09756
1.09793
1.0983
1.09866
1.09902
1.09939
1.09975
1.10011
1.10046
1.10082
1.10118
1.10153
1.10188
1.10224
1.10259
1.10294
1.10329
1.10364
1.10398
1.10433
1.10468
1.10502
1.10537
1.10571
1.10605
1.10639
1.10673
1.10707
1.1074
1.10773
1.10807
1.1084
1.10873
1.10906
1.10939
1.10972
1.11005
1.11037
1.1107
1.11102
1.11134
1.11167
1.11199
1.11231
1.11262
1.11294
1.11327
1.11358
1.1139
1.11422
1.11453
1.11484
1.11516
1.11546
1.11577
1.11608
1.11639
1.11669
1.117
1.1173
1.1176
1.11791
1.1182
1.1185
1.1188
1.1191
1.1194
1.11969
1.11999
1.12028
1.12057
1.12087
1.12116
1.12145
1.12174
1.12203
1.12231
1.1226
1.12288
1.12316
1.12344
1.12373
1.12401
1.12429
1.12456
1.12484
1.12512
1.12539
1.12566
1.12594
1.12621
1.12648
1.12675
1.12703
1.12729
1.12756
1.12783
1.12809
1.12835
1.12862
1.12888
1.12914
1.1294
1.12966
1.12992
1.13018
1.13043
1.13069
1.13095
1.1312
1.13145
1.1317
1.13196
1.13221
1.13245
1.1327
1.13295
1.1332
1.13344
1.13369
1.13394
1.13418
1.13442
1.13466
1.1349
1.13514
1.13537
1.13561
1.13585
1.13608
1.13631
1.13655
1.13678
1.13701
1.13724
1.13746
1.13769
1.13792
1.13814
1.13836
1.13859
1.13882
1.13904
1.13926
1.13948
1.1397
1.13991
1.14013
1.14034
1.14056
1.14078
1.14099
1.1412
1.14141
1.14163
1.14184
1.14205
1.14226
1.14247
1.14267
1.14288
1.14308
1.14328
1.14349
1.14369
1.14389
1.14409
1.14429
1.14448
1.14469
1.14488
1.14507
1.14527
1.14546
1.14566
1.14585
1.14603
1.14622
1.14641
1.14661
1.14679
1.14697
1.14716
1.14734
1.14753
1.14772
1.1479
1.14808
1.14826
1.14844
1.14862
1.14879
1.14897
1.14914
1.14932
1.1495
1.14967
1.14984
1.15001
1.15018
1.15036
1.15053
1.15069
1.15086
1.15102
1.15119
1.15135
1.15152
1.15168
1.15184
1.152
1.15216
1.15232
1.15248
1.15264
1.1528
1.15295
1.15311
1.15326
1.15342
1.15357
1.15372
1.15387
1.15402
1.15417
1.15432
1.15447
1.15461
1.15476
1.1549
1.15504
1.15519
1.15533
1.15548
1.15562
1.15575
1.15589
1.15603
1.15617
1.15631
1.15645
1.15658
1.15671
1.15684
1.15697
1.15711
1.15724
1.15737
1.15751
1.15763
1.15776
1.15788
1.15801
1.15814
1.15826
1.15839
1.15851
1.15863
1.15875
1.15887
1.15899
1.15911
1.15923
1.15935
1.15947
1.15958
1.15969
1.15981
1.15992
1.16003
1.16015
1.16026
1.16038
1.16048
1.16059
1.16069
1.1608
1.1609
1.16101
1.16112
1.16122
1.16133
1.16143
1.16153
1.16163
1.16173
1.16182
1.16192
1.16202
1.16212
1.16222
1.16232
1.16241
1.1625
1.16259
1.16268
1.16278
1.16287
1.16296
1.16305
1.16314
1.16323
1.16332
1.16341
1.16349
1.16357
1.16366
1.16374
1.16382
1.1639
1.16399
1.16407
1.16415
1.16424
1.16432
1.16439
1.16447
1.16454
1.16461
1.16469
1.16476
1.16484
1.16491
1.16498
1.16506
1.16513
1.1652
1.16528
1.16534
1.16541
1.16547
1.16553
1.1656
1.16566
1.16573
1.16579
1.16585
1.16592
1.16598
1.16604
1.16611
1.16617
1.16623
1.16629
1.16634
1.16639
1.16645
1.1665
1.16655
1.1666
1.16666
1.16671
1.16676
1.16681
1.16686
1.16692
1.16697
1.16702
1.16707
1.16712
1.16717
1.16721
1.16725
1.16729
1.16733
1.16737
1.16741
1.16745
1.16749
1.16753
1.16757
1.16761
1.16764
1.16768
1.16772
1.16776
1.16779
1.16783
1.16786
1.1679
1.16794
1.16797
1.168
1.16804
1.16807
1.16811
1.16813
1.16816
1.16818
1.1682
1.16822
1.16825
1.16827
1.16829
1.16831
1.16833
1.16835
1.16837
1.16839
1.16841
1.16843
1.16845
1.16846
1.16848
1.1685
1.16851
1.16853
1.16855
1.16856
1.16858
1.16859
1.1686
1.16862
1.16863
1.16864
1.16865
1.16866
1.16867
1.16868
1.16869
1.1687
1.16871
1.16872
1.16873
1.16873
1.16874
1.16874
1.16875
1.16875
1.16876
1.16876
1.16877
1.16877
1.16877
1.16877
1.16877
1.16877
1.16877
1.16877
1.16877
1.16877
1.16876
1.16876
1.16876
1.16875
1.16875
1.16874
1.16873
1.16873
1.16872
1.16871
1.1687
1.16869
1.16868
1.16867
1.16866
1.16865
1.16863
1.16862
1.1686
1.16859
1.16857
1.16856
1.16854
1.16852
1.1685
1.16848
1.16846
1.16844
1.16842
1.1684
1.16837
1.16835
1.16833
1.1683
1.16828
1.16825
1.16822
1.16819
1.16816
1.16813
1.1681
1.16807
1.16804
1.16801
1.16797
1.16794
1.1679
1.16787
1.16784
1.16781
1.16778
1.16775
1.16772
1.16769
1.16765
1.16762
1.16759
1.16755
1.16751
1.16748
1.16744
1.1674
1.16736
1.16732
1.16728
1.16724
1.1672
1.16715
1.16711
1.16706
1.16701
1.16697
1.16692
1.16687
1.16682
1.16678
1.16674
1.16669
1.16665
1.1666
1.16655
1.16651
1.16646
1.16641
1.16636
1.16631
1.16626
1.1662
1.16615
1.1661
1.16604
1.16598
1.16593
1.16587
1.16581
1.16576
1.1657
1.16565
1.1656
1.16554
1.16548
1.16543
1.16537
1.16531
1.16525
1.16519
1.16512
1.16506
1.165
1.16493
1.16486
1.1648
1.16474
1.16468
1.16462
1.16455
1.16449
1.16443
1.16436
1.16429
1.16423
1.16416
1.16409
1.16402
1.16395
1.16387
1.1638
1.16372
1.16366
1.16359
1.16352
1.16345
1.16338
1.1633
1.16323
1.16316
1.16308
1.163
1.16293
1.16285
1.16277
1.16269
1.16261
1.16254
1.16246
1.16239
1.16231
1.16223
1.16215
1.16207
1.16199
1.1619
1.16182
1.16173
1.16165
1.16158
1.1615
1.16141
1.16133
1.16125
1.16116
1.16108
1.16099
1.1609
1.16081
1.16072
1.16064
1.16056
1.16047
1.16039
1.1603
1.16021
1.16012
1.16003
1.15994
1.15984
1.15975
1.15965
1.15957
1.15948
1.15939
1.1593
1.1592
1.15911
1.15901
1.15892
1.15882
1.15872
1.15862
1.15853
1.15844
1.15834
1.15824
1.15815
1.15805
1.15795
1.15785
1.15775
1.15764
1.15755
1.15745
1.15735
1.15725
1.15715
1.15705
1.15695
1.15684
1.15674
1.15663
1.15653
1.15643
1.15633
1.15623
1.15612
1.15602
1.15591
1.1558
1.15569
1.15558
1.15548
1.15537
1.15527
1.15516
1.15505
1.15494
1.15483
1.15472
1.15461
1.1545
1.15439
1.15428
1.15417
1.15406
1.15395
1.15384
1.15372
1.15361
1.1535
1.15339
1.15328
1.15316
1.15305
1.15293
1.15282
1.1527
1.15258
1.15247
1.15235
1.15224
1.15212
1.15201
1.15189
1.15177
1.15165
1.15152
1.15141
1.15129
1.15117
1.15106
1.15094
1.15081
1.15069
1.15057
1.15045
1.15033
1.15021
1.15009
1.14997
1.14984
1.14972
1.14959
1.14947
1.14935
1.14923
1.14911
1.14898
1.14886
1.14873
1.1486
1.14848
1.14835
1.14823
1.14811
1.14798
1.14785
1.14772
1.14759
1.14747
1.14734
1.14721
1.14709
1.14696
1.14683
1.14669
1.14656
1.14643
1.14631
1.14618
1.14605
1.14592
1.14578
1.14565
1.14551
1.14538
1.14525
1.14512
1.14499
1.14486
1.14472
1.14458
1.14445
1.14432
1.14419
1.14406
1.14392
1.14378
1.14365
1.14351
1.14337
1.14324
1.14311
1.14297
1.14283
1.14269
1.14255
1.14242
1.14228
1.14215
1.14201
1.14187
1.14173
1.14158
1.14144
1.1413
1.14117
1.14103
1.14089
1.14074
1.1406
1.14046
1.14032
1.14018
1.14004
1.1399
1.13975
1.13961
1.13946
1.13932
1.13918
1.13904
1.13889
1.13875
1.1386
1.13845
1.13831
1.13817
1.13803
1.13788
1.13774
1.13759
1.13744
1.1373
1.13715
1.13701
1.13686
1.13671
1.13656
1.13641
1.13627
1.13612
1.13597
1.13583
1.13568
1.13552
1.13538
1.13523
1.13509
1.13494
1.13479
1.13464
1.13448
1.13434
1.13419
1.13404
1.13389
1.13374
1.13359
1.13343
1.13329
1.13314
1.13299
1.13283
1.13268
1.13253
1.13238
1.13223
1.13208
1.13193
1.13177
1.13162
1.13146
1.13131
1.13116
1.13101
1.13085
1.1307
1.13054
1.13038
1.13023
1.13008
1.12992
1.12977
1.12961
1.12945
1.1293
1.12915
1.12899
1.12884
1.12868
1.12852
1.12837
1.12821
1.12806
1.1279
1.12774
1.12758
1.12742
1.12727
1.12711
1.12696
1.1268
1.12664
1.12648
1.12632
1.12617
1.12601
1.12585
1.12569
1.12553
1.12536
1.12521
1.12505
1.12489
1.12473
1.12457
1.1244
1.12425
1.12409
1.12393
1.12377
1.12361
1.12344
1.12328
1.12313
1.12297
1.1228
1.12264
1.12248
1.12232
1.12216
1.122
1.12184
1.12167
1.12151
1.12135
1.12119
1.12103
1.12087
1.1207
1.12054
1.12037
1.12021
1.12005
1.11989
1.11972
1.11955
1.11939
1.11923
1.11906
1.1189
1.11874
1.11857
1.1184
1.11824
1.11808
1.11791
1.11775
1.11758
1.11741
1.11725
1.11709
1.11692
1.11676
1.11659
1.11642
1.11626
1.1161
1.11593
1.11577
1.1156
1.11543
1.11527
1.1151
1.11494
1.11477
1.1146
1.11443
1.11427
1.1141
1.11394
1.11377
1.1136
1.11343
1.11327
1.1131
1.11294
1.11277
1.1126
1.11243
1.11226
1.1121
1.11193
1.11176
1.11159
1.11142
1.11126
1.11109
1.11092
1.11076
1.11058
1.11041
1.11025
1.11008
1.10991
1.10974
1.10957
1.1094
1.10924
1.10907
1.1089
1.10873
1.10856
1.10839
1.10822
1.10805
1.10789
1.10771
1.10754
1.10737
1.1072
1.10704
1.10687
1.1067
1.10652
1.10635
1.10618
1.10601
1.10585
1.10567
1.1055
1.10533
1.10516
1.10499
1.10482
1.10465
1.10448
1.10431
1.10414
1.10397
1.1038
1.10363
1.10346
1.10329
1.10312
1.10295
1.10278
1.10261
1.10244
1.10227
1.1021
1.10193
1.10176
1.10159
1.10141
1.10125
1.10108
1.10091
1.10073
1.10056
1.10039
1.10022
1.10005
1.09988
1.09971
1.09953
1.09936
1.09919
1.09902
1.09885
1.09868
1.0985
1.09833
1.09816
1.09799
1.09782
1.09765
1.09747
1.0973
1.09714
1.09697
1.09679
1.09662
1.09645
1.09628
1.09611
1.09594
1.09577
1.09559
1.09542
1.09525
1.09508
1.09491
1.09474
1.09456
1.09439
1.09422
1.09405
1.09388
1.09371
1.09353
1.09336
1.09319
1.09302
1.09285
1.09268
1.0925
1.09233
1.09216
1.09199
1.09182
1.09164
1.09147
1.0913
1.09113
1.09096
1.09079
1.09062
1.09044
1.09028
1.09011
1.08994
1.08977
1.08959
1.08942
1.08925
1.08908
1.08891
1.08874
1.08856
1.08839
1.08822
1.08805
1.08788
1.08771
1.08754
1.08736
1.08719
1.08702
1.08685
1.08668
1.08651
1.08633
1.08616
1.08599
1.08582
1.08565
1.08548
1.08531
1.08514
1.08497
1.0848
1.08463
1.08446
1.08429
1.08412
1.08395
1.08378
1.08361
1.08344
1.08327
1.0831
1.08293
1.08276
1.08259
1.08241
1.08225
1.08208
1.08191
1.08174
1.08157
1.08139
1.08123
1.08106
1.08089
1.08072
1.08055
1.08037
1.08021
1.08004
1.07987
1.0797
1.07953
1.07935
1.07919
1.07902
1.07885
1.07868
1.07851
1.07833
1.07817
1.078
1.07783
1.07766
1.07749
1.07732
1.07715
1.07698
1.07681
1.07664
1.07647
1.07631
1.07614
1.07598
1.07581
1.07564
1.07547
1.0753
1.07514
1.07497
1.0748
1.07463
1.07446
1.0743
1.07413
1.07397
1.0738
1.07363
1.07346
1.07329
1.07313
1.07296
1.0728
1.07263
1.07246
1.07229
1.07213
1.07196
1.0718
1.07163
1.07146
1.07129
1.07113
1.07097
1.0708
1.07063
1.07046
1.0703
1.07014
1.06997
1.0698
1.06964
1.06947
1.06931
1.06914
1.06898
1.06881
1.06865
1.06848
1.06832
1.06815
1.06799
1.06782
1.06766
1.06749
1.06733
1.06717
1.067
1.06684
1.06667
1.06651
1.06634
1.06618
1.06601
1.06585
1.06568
1.06552
1.06535
1.06519
1.06503
1.06486
1.0647
1.06453
1.06437
1.06421
1.06404
1.06388
1.06372
1.06355
1.06339
1.06323
1.06307
1.0629
1.06274
1.06258
1.06241
1.06225
1.06209
1.06193
1.06177
1.0616
1.06144
1.06128
1.06112
1.06096
1.0608
1.06064
1.06047
1.06032
1.06016
1.06
1.05984
1.05968
1.05951
1.05935
1.05919
1.05903
1.05887
1.05871
1.05855
1.05839
1.05823
1.05807
1.05792
1.05776
1.05759
1.05743
1.05728
1.05712
1.05696
1.0568
1.05664
1.05648
1.05633
1.05617
1.05602
1.05586
1.0557
1.05554
1.05538
1.05522
1.05507
1.05491
1.05475
1.05459
1.05443
1.05428
1.05412
1.05397
1.05381
1.05365
1.0535
1.05334
1.05319
1.05304
1.05288
1.05272
1.05257
1.05241
1.05225
1.0521
1.05195
1.05179
1.05164
1.05148
1.05133
1.05118
1.05102
1.05087
1.05071
1.05056
1.0504
1.05025
1.0501
1.04994
1.04979
1.04963
1.04948
1.04933
1.04918
1.04903
1.04888
1.04872
1.04857
1.04841
1.04826
1.04811
1.04796
1.04781
1.04766
1.0475
1.04735
1.04721
1.04706
1.04691
1.04675
1.0466
1.04645
1.0463
1.04615
1.046
1.04585
1.0457
1.04555
1.0454
1.04525
1.0451
1.04495
1.0448
1.04465
1.0445
1.04436
1.04421
1.04406
1.04392
1.04377
1.04362
1.04347
1.04332
1.04318
1.04303
1.04288
1.04274
1.04259
1.04244
1.04229
1.04215
1.042
1.04186
1.04171
1.04156
1.04141
1.04127
1.04112
1.04098
1.04083
1.04069
1.04054
1.0404
1.04026
1.04011
1.03997
1.03983
1.03968
1.03953
1.03939
1.03925
1.03911
1.03897
1.03882
1.03868
1.03853
1.03839
1.03825
1.03811
1.03797
1.03783
1.03769
1.03754
1.0374
1.03726
1.03712
1.03698
1.03684
1.0367
1.03656
1.03642
1.03628
1.03614
1.036
1.03586
1.03572
1.03558
1.03543
1.0353
1.03516
1.03502
1.03488
1.03474
1.0346
1.03446
1.03432
1.03419
1.03405
1.03391
1.03377
1.03363
1.03349
1.03336
1.03322
1.03309
1.03295
1.03281
1.03267
1.03253
1.0324
1.03227
1.03213
1.032
1.03186
1.03173
1.03159
1.03146
1.03133
1.03119
1.03106
1.03092
1.03079
1.03065
1.03051
1.03038
1.03025
1.03012
1.02999
1.02985
1.02972
1.02958
1.02945
1.02932
1.02919
1.02906
1.02893
1.0288
1.02866
1.02853
1.0284
1.02827
1.02814
1.02801
1.02788
1.02775
1.02761
1.02748
1.02735
1.02722
1.0271
1.02697
1.02683
1.0267
1.02657
1.02645
1.02632
1.02619
1.02607
1.02594
1.02581
1.02568
1.02554
1.02542
1.0253
1.02517
1.02504
1.02492
1.02479
1.02466
1.02453
1.0244
1.02428
1.02416
1.02403
1.0239
1.02378
1.02365
1.02352
1.0234
1.02328
1.02315
1.02303
1.0229
1.02278
1.02265
1.02252
1.0224
1.02228
1.02216
1.02204
1.02191
1.02179
1.02166
1.02154
1.02142
1.0213
1.02118
1.02106
1.02093
1.02081
1.02069
1.02056
1.02044
1.02033
1.02021
1.02009
1.01997
1.01985
1.01972
1.0196
1.01948
1.01937
1.01925
1.01913
1.01901
1.01889
1.01877
1.01865
1.01853
1.01841
1.0183
1.01818
1.01807
1.01795
1.01783
1.01771
1.01759
1.01748
1.01736
1.01725
1.01713
1.01702
1.0169
1.01678
1.01666
1.01654
1.01643
1.01632
1.01621
1.01609
1.01598
1.01586
1.01575
1.01563
1.01552
1.01541
1.0153
1.01519
1.01507
1.01496
1.01484
1.01473
1.01461
1.0145
1.0144
1.01429
1.01418
1.01406
1.01395
1.01384
1.01373
1.01361
1.0135
1.0134
1.01329
1.01318
1.01307
1.01296
1.01285
1.01274
1.01262
1.01252
1.01241
1.01231
1.0122
1.01209
1.01198
1.01187
1.01176
1.01165
1.01155
1.01144
1.01134
1.01123
1.01113
1.01102
1.01091
1.0108
1.01069
1.01058
1.01048
1.01038
1.01028
1.01017
1.01007
1.00996
1.00985
1.00975
1.00964
1.00954
1.00944
1.00934
1.00923
1.00913
1.00903
1.00892
1.00882
1.00871
1.00861
1.00851
1.00841
1.00831
1.00821
1.00811
1.008
1.0079
1.0078
1.00769
1.00759
1.00749
1.00739
1.00729
1.00719
1.0071
1.00699
1.00689
1.00679
1.00669
1.00659
1.0065
1.0064
1.00631
1.00621
1.00611
1.00601
1.00591
1.00581
1.00571
1.00561
1.00552
1.00542
1.00533
1.00523
1.00514
1.00504
1.00494
1.00484
1.00475
1.00465
1.00456
1.00446
1.00437
1.00428
1.00418
1.00409
1.00399
1.0039
1.0038
1.0037
1.00361
1.00353
1.00343
1.00334
1.00325
1.00316
1.00307
1.00297
1.00288
1.00278
1.00269
1.0026
1.00251
1.00243
1.00234
1.00225
1.00216
1.00206
1.00197
1.00188
1.00179
1.00169
1.00161
1.00152
1.00144
1.00135
1.00126
1.00117
1.00108
1.00099
1.0009
1.00081
1.00072
1.00064
1.00055
1.00047
1.00038
1.0003
1.00021
1.00013
1.00004
0.99995
0.999861
0.999772
0.999682
0.999601
0.999519
0.999436
0.999353
0.999269
0.999184
0.999099
0.999014
0.998927
0.998841
0.998753
0.998665
0.998585
0.998505
0.998425
0.998343
0.998262
0.998179
0.998096
0.998012
0.997928
0.997843
0.997758
0.997672
0.997595
0.997517
0.997438
0.997359
0.997279
0.997199
0.997118
0.997037
0.996955
0.996873
0.99679
0.996706
0.996631
0.996555
0.996479
0.996403
0.996325
0.996248
0.996169
0.99609
0.996011
0.995931
0.995851
0.99577
0.995688
0.995615
0.995541
0.995467
0.995393
0.995318
0.995242
0.995166
0.995089
0.995012
0.994934
0.994856
0.994777
0.994698
0.994627
0.994556
0.994484
0.994412
0.994339
0.994266
0.994192
0.994118
0.994043
0.993968
0.993892
0.993816
0.993739
0.993671
0.993602
0.993533
0.993464
0.993393
0.993323
0.993252
0.99318
0.993108
0.993036
0.992963
0.992889
0.992815
0.992741
0.992675
0.992609
0.992542
0.992475
0.992407
0.992339
0.99227
0.992201
0.992132
0.992062
0.991991
0.99192
0.991849
0.991777
0.991714
0.99165
0.991586
0.991522
0.991457
0.991391
0.991325
0.991259
0.991192
0.991125
0.991058
0.99099
0.990921
0.990852
0.990783
0.990722
0.990661
0.990599
0.990537
0.990475
0.990412
0.990349
0.990285
0.990221
0.990157
0.990092
0.990026
0.989961
0.989894
0.989828
0.989761
0.989702
0.989644
0.989585
0.989525
0.989465
0.989405
0.989344
0.989283
0.989221
0.989159
0.989097
0.989034
0.988971
0.988908
0.988844
0.98878
0.988724
0.988668
0.988612
0.988555
0.988498
0.988441
0.988383
0.988324
0.988266
0.988207
0.988148
0.988088
0.988028
0.987967
0.987906
0.987845
0.987784
0.987731
0.987678
0.987624
0.98757
0.987516
0.987461
0.987406
0.987351
0.987295
0.987239
0.987183
0.987126
0.987069
0.987012
0.986954
0.986896
0.986837
0.986778
0.986728
0.986678
0.986627
0.986576
0.986525
0.986473
0.986421
0.986369
0.986316
0.986263
0.98621
0.986156
0.986102
0.986048
0.985993
0.985938
0.985883
0.985827
0.98578
0.985733
0.985686
0.985638
0.98559
0.985542
0.985493
0.985444
0.985395
0.985345
0.985295
0.985245
0.985195
0.985144
0.985093
0.985041
0.98499
0.984938
0.984885
0.984833
0.984789
0.984745
0.984701
0.984656
0.984611
0.984566
0.984521
0.984475
0.984429
0.984383
0.984336
0.984289
0.984242
0.984195
0.984147
0.984099
0.984051
0.984003
0.983954
0.983905
0.983856
0.983806
0.983765
0.983724
0.983683
0.983642
0.9836
0.983558
0.983516
0.983473
0.983431
0.983388
0.983344
0.983301
0.983257
0.983213
0.983169
0.983124
0.98308
0.983035
0.98299
0.982944
0.982898
0.982852
0.982815
0.982778
0.982741
0.982703
0.982665
0.982627
0.982588
0.98255
0.982511
0.982472
0.982432
0.982393
0.982353
0.982313
0.982273
0.982233
0.982192
0.982151
0.98211
0.982069
0.982027
0.981986
0.981944
0.981902
0.981859
0.981826
0.981792
0.981758
0.981724
0.98169
0.981656
0.981621
0.981586
0.981551
0.981516
0.981481
0.981445
0.981409
0.981373
0.981337
0.981301
0.981264
0.981228
0.981191
0.981154
0.981116
0.981079
0.981041
0.981003
0.980965
0.980927
0.980889
0.98085
0.980821
0.980791
0.980761
0.980731
0.9807
0.98067
0.980639
0.980609
0.980578
0.980547
0.980515
0.980484
0.980452
0.980421
0.980389
0.980357
0.980325
0.980292
0.98026
0.980227
0.980194
0.980161
0.980128
0.980095
0.980061
0.980028
0.979994
0.97996
0.979926
0.979892
0.979867
0.979841
0.979816
0.97979
0.979764
0.979738
0.979712
0.979686
0.97966
0.979634
0.979607
0.979581
0.979554
0.979527
0.9795
0.979473
0.979446
0.979418
0.979391
0.979363
0.979335
0.979308
0.97928
0.979252
0.979223
0.979195
0.979167
0.979138
0.979109
0.979081
0.979052
0.979023
0.978994
0.978964
0.978935
0.978905
0.978885
0.978864
0.978844
0.978823
0.978802
0.978781
0.97876
0.978739
0.978718
0.978697
0.978675
0.978654
0.978632
0.97861
0.978589
0.978567
0.978545
0.978523
0.978501
0.978479
0.978457
0.978434
0.978412
0.97839
0.978367
0.978344
0.978322
0.978299
0.978276
0.978253
0.97823
0.978207
0.978184
0.97816
0.978137
0.978114
0.97809
0.978067
0.978043
0.978019
0.977995
0.977971
0.977948
0.977924
0.977909
0.977894
0.977878
0.977863
0.977848
0.977833
0.977818
0.977803
0.977787
0.977772
0.977756
0.977741
0.977725
0.97771
0.977694
0.977679
0.977663
0.977647
0.977632
0.977616
0.9776
0.977584
0.977568
0.977552
0.977536
0.97752
0.977504
0.977488
0.977472
0.977456
0.97744
0.977424
0.977407
0.977391
0.977375
0.977358
0.977342
0.977326
0.977309
0.977293
0.977276
0.97726
0.977243
0.977227
0.97721
0.977193
0.977177
0.97716
0.977143
0.977126
0.97711
0.977093
0.977076
0.977059
0.977042
0.977025
0.977009
0.976992
0.976975
0.976958
0.976941
0.976933
0.976925
0.976917
0.976909
0.976901
0.976893
0.976886
0.976878
0.97687
0.976862
0.976854
0.976847
0.976839
0.976831
0.976823
0.976816
0.976808
0.9768
0.976793
0.976785
0.976777
0.97677
0.976762
0.976754
0.976747
0.976739
0.976732
0.976724
0.976717
0.976709
0.976702
0.976695
0.976687
0.97668
0.976672
0.976665
0.976658
0.976651
0.976643
0.976636
0.976629
0.976622
0.976615
0.976608
0.9766
0.976593
0.976586
0.976579
0.976572
0.976566
0.976559
0.976552
0.976545
0.976538
0.976532
0.976525
0.976518
0.976512
0.976505
0.976498
0.976492
0.976485
0.976479
0.976473
0.976466
0.97646
0.976454
0.976447
0.976441
0.976435
0.976429
0.976423
0.976417
0.976411
0.976405
0.976399
0.976394
0.976388
0.976382
0.976376
0.976371
0.976365
0.97636
0.976354
0.976349
0.976343
0.976338
0.976333
0.976328
0.976323
0.976318
0.976313
0.976308
0.976303
0.976298
0.976293
0.976288
0.976284
0.976279
0.976275
0.97627
0.976266
0.976261
0.976257
0.976253
0.976249
0.976245
0.976241
0.976237
0.976233
0.976229
0.976225
0.976221
0.976218
0.976214
0.976211
0.976207
0.976204
0.9762
0.976197
0.976194
0.976191
0.976188
0.976185
0.976182
0.976179
0.976177
0.976174
0.976172
0.976169
0.976167
0.976164
0.976162
0.97616
0.976158
0.976156
0.976154
0.976152
0.976151
0.976149
0.976147
0.976146
0.976144
0.976143
0.976142
0.976141
0.97614
0.976139
0.976138
0.976137
0.976136
0.976136
0.976135
0.976135
0.976135
0.976134
0.976134
0.976134
0.976134
0.976134
0.976135
0.976135
0.976135
0.976136
0.976137
0.976137
0.976138
0.976139
0.97614
0.976141
0.976143
0.976144
0.976145
0.976147
0.976149
0.97615
0.976152
0.976154
0.976156
0.976158
0.976161
0.976163
0.976166
0.976168
0.976171
0.976174
0.976177
0.97618
0.976183
0.976187
0.97619
0.976194
0.976197
0.976201
0.976205
0.976209
0.976213
0.976217
0.976222
0.976226
0.976231
0.976235
0.97624
0.976245
0.97625
0.976256
0.976261
0.976267
0.976272
0.976278
0.976284
0.97629
0.976296
0.976302
0.976309
0.976315
0.976322
0.976328
0.976335
0.976342
0.97635
0.976357
0.976364
0.976372
0.97638
0.976388
0.976396
0.976404
0.976412
0.97642
0.976429
0.976438
0.976447
0.976456
0.976465
0.976474
0.976483
0.976493
0.976503
0.976513
0.976523
0.976533
0.976543
0.976554
0.976564
0.976575
0.976586
0.976597
0.976608
0.97662
0.976631
0.976643
0.976655
0.976667
0.976679
0.976691
0.976704
0.976717
0.976729
0.976742
0.976755
0.976769
0.976782
0.976796
0.97681
0.976824
0.976838
0.976852
0.976867
0.976881
0.976896
0.976911
0.976926
0.976942
0.976957
0.976973
0.976989
0.977005
0.977021
0.977037
0.977054
0.977061
0.977069
0.977077
0.977085
0.977093
0.977102
0.97711
0.977119
0.977128
0.977137
0.977146
0.977155
0.977164
0.977174
0.977184
0.977194
0.977204
0.977214
0.977225
0.977235
0.977246
0.977257
0.977268
0.977279
0.977291
0.977302
0.977314
0.977326
0.977338
0.97735
0.977363
0.977375
0.977388
0.977401
0.977414
0.977427
0.977441
0.977454
0.977468
0.977482
0.977497
0.977511
0.977525
0.97754
0.977555
0.97757
0.977585
0.977601
0.977616
0.977632
0.977648
0.977665
0.977681
0.977697
0.977714
0.977731
0.977748
0.977766
0.977783
0.977801
0.977819
0.977837
0.977855
0.977874
0.977892
0.977911
0.97793
0.97795
0.977969
0.977989
0.978009
0.978029
0.978049
0.97807
0.978081
0.978093
0.978105
0.978117
0.978129
0.978142
0.978154
0.978167
0.97818
0.978193
0.978207
0.97822
0.978234
0.978248
0.978262
0.978276
0.978291
0.978305
0.97832
0.978335
0.97835
0.978366
0.978381
0.978397
0.978413
0.978429
0.978446
0.978462
0.978479
0.978496
0.978513
0.978531
0.978548
0.978566
0.978584
0.978602
0.97862
0.978639
0.978658
0.978677
0.978696
0.978715
0.978735
0.978755
0.978775
0.978795
0.978815
0.978836
0.978857
0.978878
0.978899
0.97892
0.978942
0.978964
0.978986
0.979008
0.979031
0.979054
0.979077
0.979091
0.979105
0.979119
0.979134
0.979149
0.979164
0.979179
0.979194
0.97921
0.979226
0.979242
0.979258
0.979274
0.979291
0.979308
0.979325
0.979342
0.979359
0.979377
0.979395
0.979413
0.979431
0.979449
0.979468
0.979487
0.979506
0.979525
0.979545
0.979564
0.979584
0.979604
0.979625
0.979645
0.979666
0.979687
0.979708
0.979729
0.979751
0.979773
0.979795
0.979817
0.97984
0.979862
0.979885
0.979909
0.979932
0.979955
0.979979
0.980003
0.980028
0.980052
0.980077
0.980093
0.980109
0.980125
0.980141
0.980158
0.980175
0.980192
0.980209
0.980226
0.980244
0.980262
0.98028
0.980298
0.980317
0.980336
0.980354
0.980374
0.980393
0.980412
0.980432
0.980452
0.980472
0.980493
0.980513
0.980534
0.980555
0.980577
0.980598
0.98062
0.980642
0.980664
0.980686
0.980709
0.980732
0.980755
0.980778
0.980801
0.980825
0.980849
0.980873
0.980898
0.980922
0.980947
0.980972
0.980998
0.981023
0.981049
0.981075
0.981101
0.981119
0.981136
0.981154
0.981172
0.98119
0.981209
0.981227
0.981246
0.981265
0.981284
0.981304
0.981323
0.981343
0.981363
0.981384
0.981404
0.981425
0.981446
0.981467
0.981489
0.98151
0.981532
0.981554
0.981577
0.981599
0.981622
0.981645
0.981668
0.981691
0.981715
0.981739
0.981763
0.981788
0.981812
0.981837
0.981862
0.981887
0.981913
0.981938
0.981964
0.981991
0.982017
0.982044
0.982071
0.982098
0.982116
0.982135
0.982153
0.982172
0.982191
0.982211
0.98223
0.98225
0.98227
0.98229
0.98231
0.982331
0.982352
0.982373
0.982394
0.982416
0.982437
0.982459
0.982482
0.982504
0.982527
0.982549
0.982572
0.982596
0.982619
0.982643
0.982667
0.982691
0.982716
0.98274
0.982765
0.98279
0.982816
0.982841
0.982867
0.982893
0.98292
0.982946
0.982973
0.983
0.983027
0.983055
0.983082
0.98311
0.983129
0.983149
0.983168
0.983188
0.983208
0.983228
0.983248
0.983269
0.98329
0.983311
0.983332
0.983353
0.983375
0.983397
0.983419
0.983441
0.983464
0.983487
0.98351
0.983533
0.983556
0.98358
0.983604
0.983628
0.983653
0.983677
0.983702
0.983727
0.983752
0.983778
0.983804
0.98383
0.983856
0.983882
0.983909
0.983936
0.983963
0.983991
0.984018
0.984046
0.984074
0.984103
0.984122
0.984142
0.984162
0.984182
0.984202
0.984223
0.984243
0.984264
0.984286
0.984307
0.984329
0.984351
0.984373
0.984395
0.984417
0.98444
0.984463
0.984486
0.98451
0.984533
0.984557
0.984581
0.984606
0.98463
0.984655
0.98468
0.984705
0.984731
0.984756
0.984782
0.984808
0.984835
0.984861
0.984888
0.984915
0.984943
0.98497
0.984998
0.985026
0.985054
0.985083
0.985112
0.985131
0.985151
0.985172
0.985192
0.985213
0.985234
0.985255
0.985276
0.985298
0.98532
0.985342
0.985364
0.985386
0.985409
0.985432
0.985455
0.985478
0.985502
0.985526
0.98555
0.985574
0.985598
0.985623
0.985648
0.985673
0.985698
0.985724
0.98575
0.985776
0.985802
0.985829
0.985855
0.985882
0.98591
0.985937
0.985965
0.985992
0.986021
0.986049
0.986078
0.986106
0.986126
0.986147
0.986167
0.986187
0.986208
0.986229
0.98625
0.986272
0.986293
0.986315
0.986337
0.98636
0.986382
0.986405
0.986428
0.986451
0.986474
0.986498
0.986522
0.986546
0.98657
0.986594
0.986619
0.986644
0.986669
0.986695
0.98672
0.986746
0.986772
0.986798
0.986825
0.986852
0.986878
0.986906
0.986933
0.986961
0.986989
0.987017
0.987045
0.987074
0.987102
0.987122
0.987142
0.987163
0.987183
0.987204
0.987225
0.987246
0.987267
0.987289
0.987311
0.987333
0.987355
0.987377
0.9874
0.987423
0.987446
0.987469
0.987493
0.987516
0.98754
0.987564
0.987589
0.987613
0.987638
0.987663
0.987688
0.987714
0.987739
0.987765
0.987791
0.987818
0.987844
0.987871
0.987898
0.987925
0.987953
0.98798
0.988008
0.988036
0.988065
0.988093
0.988113
0.988133
0.988153
0.988173
0.988194
0.988215
0.988235
0.988257
0.988278
0.988299
0.988321
0.988343
0.988365
0.988388
0.98841
0.988433
0.988456
0.988479
0.988503
0.988526
0.98855
0.988574
0.988598
0.988623
0.988647
0.988672
0.988697
0.988723
0.988748
0.988774
0.9888
0.988826
0.988853
0.988879
0.988906
0.988933
0.988961
0.988988
0.989016
0.989044
0.989072
0.9891
0.98912
0.989139
0.989159
0.989179
0.9892
0.98922
0.989241
0.989262
0.989283
0.989304
0.989325
0.989347
0.989369
0.989391
0.989413
0.989436
0.989459
0.989481
0.989505
0.989528
0.989551
0.989575
0.989599
0.989623
0.989648
0.989672
0.989697
0.989722
0.989747
0.989772
0.989798
0.989824
0.98985
0.989876
0.989903
0.989929
0.989956
0.989983
0.99001
0.990038
0.990066
0.990094
0.990113
0.990132
0.990151
0.990171
0.990191
0.990211
0.990231
0.990251
0.990272
0.990293
0.990314
0.990335
0.990356
0.990378
0.9904
0.990422
0.990444
0.990466
0.990489
0.990511
0.990534
0.990557
0.990581
0.990604
0.990628
0.990652
0.990676
0.990701
0.990725
0.99075
0.990775
0.9908
0.990825
0.990851
0.990877
0.990903
0.990929
0.990955
0.990982
0.991009
0.991036
0.991063
0.99109
0.991109
0.991128
0.991147
0.991166
0.991185
0.991204
0.991224
0.991244
0.991264
0.991284
0.991304
0.991325
0.991346
0.991367
0.991388
0.991409
0.991431
0.991452
0.991474
0.991496
0.991518
0.991541
0.991564
0.991586
0.99161
0.991633
0.991656
0.99168
0.991704
0.991728
0.991752
0.991776
0.991801
0.991826
0.991851
0.991876
0.991901
0.991927
0.991953
0.991979
0.992005
0.992031
0.992058
0.992085
0.992102
0.992121
0.992139
0.992157
0.992176
0.992194
0.992213
0.992232
0.992252
0.992271
0.992291
0.99231
0.99233
0.99235
0.992371
0.992391
0.992412
0.992433
0.992454
0.992475
0.992497
0.992518
0.99254
0.992562
0.992584
0.992607
0.992629
0.992652
0.992675
0.992698
0.992721
0.992745
0.992769
0.992792
0.992816
0.992841
0.992865
0.99289
0.992914
0.992939
0.992965
0.99299
0.993016
0.993041
0.993067
0.993093
0.993111
0.993128
0.993146
0.993163
0.993181
0.993199
0.993217
0.993236
0.993254
0.993273
0.993292
0.993311
0.99333
0.99335
0.993369
0.993389
0.993409
0.993429
0.993449
0.99347
0.99349
0.993511
0.993532
0.993553
0.993574
0.993596
0.993618
0.993639
0.993661
0.993684
0.993706
0.993728
0.993751
0.993774
0.993797
0.99382
0.993844
0.993867
0.993891
0.993915
0.993939
0.993964
0.993988
0.994013
0.994038
0.994063
0.994088
0.994104
0.994121
0.994137
0.994154
0.994171
0.994188
0.994205
0.994223
0.99424
0.994258
0.994276
0.994294
0.994312
0.994331
0.994349
0.994368
0.994387
0.994406
0.994425
0.994444
0.994464
0.994483
0.994503
0.994523
0.994543
0.994564
0.994584
0.994605
0.994626
0.994647
0.994668
0.994689
0.994711
0.994732
0.994754
0.994776
0.994798
0.994821
0.994843
0.994866
0.994888
0.994911
0.994935
0.994958
0.994982
0.995005
0.995029
0.995053
0.995077
0.995093
0.995108
0.995124
0.995139
0.995155
0.995171
0.995187
0.995203
0.99522
0.995237
0.995253
0.99527
0.995287
0.995304
0.995322
0.995339
0.995357
0.995375
0.995393
0.995411
0.995429
0.995447
0.995466
0.995484
0.995503
0.995522
0.995541
0.995561
0.99558
0.9956
0.99562
0.995639
0.99566
0.99568
0.9957
0.995721
0.995741
0.995762
0.995783
0.995804
0.995826
0.995847
0.995869
0.995891
0.995913
0.995935
0.995957
0.99598
0.996002
0.996025
0.996048
0.996071
0.996085
0.996099
0.996114
0.996128
0.996143
0.996158
0.996173
0.996188
0.996203
0.996218
0.996234
0.996249
0.996265
0.996281
0.996297
0.996313
0.996329
0.996346
0.996362
0.996379
0.996396
0.996413
0.99643
0.996447
0.996465
0.996482
0.9965
0.996518
0.996536
0.996554
0.996572
0.996591
0.996609
0.996628
0.996647
0.996666
0.996685
0.996704
0.996724
0.996743
0.996763
0.996783
0.996803
0.996823
0.996843
0.996864
0.996884
0.996905
0.996926
0.996947
0.996968
0.996989
0.997011
0.997032
0.997054
0.997076
0.997089
0.997102
0.997115
0.997128
0.997142
0.997155
0.997169
0.997183
0.997197
0.997211
0.997225
0.997239
0.997254
0.997268
0.997283
0.997298
0.997313
0.997328
0.997343
0.997358
0.997374
0.997389
0.997405
0.997421
0.997436
0.997452
0.997469
0.997485
0.997501
0.997518
0.997535
0.997552
0.997568
0.997586
0.997603
0.99762
0.997638
0.997655
0.997673
0.997691
0.997709
0.997727
0.997745
0.997764
0.997782
0.997801
0.99782
0.997839
0.997858
0.997877
0.997896
0.997916
0.997935
0.997955
0.997975
0.997995
0.998015
0.998035
0.998056
0.998076
0.998088
0.998099
0.998111
0.998123
0.998135
0.998147
0.998159
0.998172
0.998184
0.998196
0.998209
0.998222
0.998235
0.998248
0.998261
0.998274
0.998287
0.998301
0.998314
0.998328
0.998342
0.998355
0.998369
0.998384
0.998398
0.998412
0.998426
0.998441
0.998456
0.99847
0.998485
0.9985
0.998515
0.998531
0.998546
0.998562
0.998577
0.998593
0.998609
0.998625
0.998641
0.998657
0.998673
0.998689
0.998706
0.998722
0.998739
0.998756
0.998773
0.99879
0.998807
0.998825
0.998842
0.99886
0.998878
0.998895
0.998913
0.998931
0.99895
0.998968
0.998986
0.999005
0.999023
0.999042
0.999061
0.999071
0.999081
0.999091
0.999101
0.999111
0.999122
0.999132
0.999143
0.999153
0.999164
0.999175
0.999186
0.999197
0.999208
0.999219
0.999231
0.999242
0.999253
0.999265
0.999277
0.999288
0.9993
0.999312
0.999324
0.999337
0.999349
0.999361
0.999374
0.999386
0.999399
0.999412
0.999425
0.999438
0.999451
0.999464
0.999477
0.99949
0.999504
0.999517
0.999531
0.999545
0.999559
0.999573
0.999587
0.999601
0.999615
0.999629
0.999644
0.999658
0.999673
0.999688
0.999703
0.999718
0.999733
0.999748
0.999763
0.999778
0.999794
0.99981
0.999825
0.999841
0.999857
0.999873
0.999889
0.999905
0.999921
0.999938
0.999954
0.999971
0.999988
1
1.00002
1.00004
1.00006
1.00006
1.00007
1.00008
1.00009
1.0001
1.00011
1.00011
1.00012
1.00013
1.00014
1.00015
1.00016
1.00017
1.00018
1.00019
1.00019
1.0002
1.00021
1.00022
1.00023
1.00024
1.00025
1.00026
1.00027
1.00028
1.00029
1.0003
1.00031
1.00032
1.00033
1.00034
1.00035
1.00036
1.00037
1.00039
1.0004
1.00041
1.00042
1.00043
1.00044
1.00045
1.00046
1.00047
1.00049
1.0005
1.00051
1.00052
1.00053
1.00055
1.00056
1.00057
1.00058
1.00059
1.00061
1.00062
1.00063
1.00064
1.00066
1.00067
1.00068
1.00069
1.00071
1.00072
1.00073
1.00075
1.00076
1.00077
1.00079
1.0008
1.00082
1.00083
1.00084
1.00086
1.00087
1.00088
1.0009
1.00091
1.00093
1.00094
1.00096
1.00097
1.00099
1.001
1.00102
1.00103
1.00105
1.00105
1.00106
1.00106
1.00107
1.00108
1.00108
1.00109
1.0011
1.0011
1.00111
1.00111
1.00112
1.00113
1.00113
1.00114
1.00115
1.00116
1.00116
1.00117
1.00118
1.00118
1.00119
1.0012
1.00121
1.00121
1.00122
1.00123
1.00124
1.00124
1.00125
1.00126
1.00127
1.00128
1.00128
1.00129
1.0013
1.00131
1.00132
1.00132
1.00133
1.00134
1.00135
1.00136
1.00137
1.00138
1.00138
1.00139
1.0014
1.00141
1.00142
1.00143
1.00144
1.00145
1.00146
1.00147
1.00148
1.00148
1.00149
1.0015
1.00151
1.00152
1.00153
1.00154
1.00155
1.00156
1.00157
1.00158
1.00159
1.0016
1.00161
1.00162
1.00163
1.00164
1.00165
1.00167
1.00168
1.00169
1.0017
1.00171
1.00172
1.00173
1.00174
1.00175
1.00176
1.00177
1.00179
1.0018
1.00181
1.00182
1.00183
1.00184
1.00185
1.00187
1.00188
1.00189
1.0019
1.00191
1.00193
1.00194
1.00195
1.00196
1.00198
1.00199
1.002
1.00201
1.00203
1.00204
1.00205
1.00205
1.00206
1.00206
1.00207
1.00207
1.00207
1.00208
1.00208
1.00208
1.00209
1.00209
1.0021
1.0021
1.00211
1.00211
1.00211
1.00212
1.00212
1.00213
1.00213
1.00214
1.00214
1.00214
1.00215
1.00215
1.00216
1.00216
1.00217
1.00217
1.00218
1.00218
1.00219
1.00219
1.0022
1.0022
1.00221
1.00221
1.00222
1.00222
1.00223
1.00223
1.00224
1.00224
1.00225
1.00225
1.00226
1.00226
1.00227
1.00228
1.00228
1.00229
1.00229
1.0023
1.0023
1.00231
1.00232
1.00232
1.00233
1.00233
1.00234
1.00235
1.00235
1.00236
1.00236
1.00237
1.00238
1.00238
1.00239
1.00239
1.0024
1.00241
1.00241
1.00242
1.00243
1.00243
1.00244
1.00245
1.00245
1.00246
1.00247
1.00247
1.00248
1.00249
1.00249
1.0025
1.00251
1.00252
1.00252
1.00253
1.00254
1.00254
1.00255
1.00256
1.00257
1.00257
1.00258
1.00259
1.0026
1.0026
1.00261
1.00262
1.00263
1.00263
1.00264
1.00265
1.00266
1.00266
1.00267
1.00268
1.00269
1.0027
1.0027
1.00271
1.00272
1.00273
1.00274
1.00274
1.00275
1.00276
1.00277
1.00278
1.00279
1.00279
1.0028
1.00281
1.00282
1.00283
1.00284
1.00285
1.00286
1.00286
1.00287
1.00288
1.00289
1.0029
1.00291
1.00292
1.00293
1.00294
1.00294
1.00295
1.00296
1.00297
1.00298
1.00299
1.003
1.00301
1.00302
1.00303
1.00303
1.00303
1.00303
1.00303
1.00303
1.00303
1.00303
1.00303
1.00303
1.00303
1.00303
1.00303
1.00304
1.00304
1.00304
1.00304
1.00304
1.00304
1.00304
1.00304
1.00304
1.00304
1.00304
1.00304
1.00304
1.00304
1.00304
1.00305
1.00305
1.00305
1.00305
1.00305
1.00305
1.00305
1.00305
1.00305
1.00305
1.00305
1.00305
1.00305
1.00306
1.00306
1.00306
1.00306
1.00306
1.00306
1.00306
1.00306
1.00306
1.00306
1.00307
1.00307
1.00307
1.00307
1.00307
1.00307
1.00307
1.00307
1.00307
1.00307
1.00308
1.00308
1.00308
1.00308
1.00308
1.00308
1.00308
1.00308
1.00309
1.00309
1.00309
1.00309
1.00309
1.00309
1.00309
1.00309
1.00309
1.0031
1.0031
1.0031
1.0031
1.0031
1.0031
1.0031
1.00311
1.00311
1.00311
1.00311
1.00311
1.00311
1.00311
1.00311
1.00312
1.00312
1.00312
1.00312
1.00312
1.00312
1.00312
1.00313
1.00313
1.00313
1.00313
1.00313
1.00313
1.00313
1.00314
1.00314
1.00314
1.00314
1.00314
1.00314
1.00314
1.00315
1.00315
1.00315
1.00315
1.00315
1.00315
1.00316
1.00316
1.00316
1.00316
1.00316
1.00316
1.00317
1.00317
1.00317
1.00317
1.00317
1.00317
1.00317
1.00318
1.00318
1.00318
1.00318
1.00318
1.00318
1.00319
1.00319
1.00319
1.00319
1.00319
1.00319
1.0032
1.0032
1.0032
1.0032
1.0032
1.0032
1.00321
1.00321
1.00321
1.00321
1.00321
1.00321
1.00322
1.00322
1.00322
1.00322
1.00322
1.00322
1.00323
1.00323
1.00323
1.00323
1.00323
1.00324
1.00324
1.00324
1.00324
1.00324
1.00324
1.00325
1.00325
1.00325
1.00325
1.00325
1.00326
1.00326
1.00326
1.00326
1.00326
1.00326
1.00327
1.00327
1.00327
1.00327
1.00327
1.00328
1.00328
1.00328
1.00328
1.00328
1.00328
1.00329
1.00329
1.00329
1.00329
1.00329
1.00329
1.0033
1.0033
1.0033
1.0033
1.0033
1.00331
1.00331
1.00331
1.00331
1.00331
1.00331
1.00332
1.00332
1.00332
1.00332
1.00332
1.00333
1.00333
1.00333
1.00333
1.00333
1.00333
1.00334
1.00334
1.00334
1.00334
1.00334
1.00334
1.00335
1.00335
1.00335
1.00335
1.00335
1.00336
1.00336
1.00336
1.00336
1.00336
1.00336
1.00337
1.00337
1.00337
1.00337
1.00337
1.00338
1.00338
1.00338
1.00338
1.00338
1.00338
1.00339
1.00339
1.00339
1.00339
1.00339
1.00339
1.0034
1.0034
1.0034
1.0034
1.0034
1.00341
1.00341
1.00341
1.00341
1.00341
1.00341
1.00342
1.00342
1.00342
1.00342
1.00342
1.00342
1.00343
1.00343
1.00343
1.00343
1.00343
1.00343
1.00344
1.00344
1.00344
1.00344
1.00344
1.00344
1.00345
1.00345
1.00345
1.00345
1.00345
1.00345
1.00346
1.00346
1.00346
1.00346
1.00346
1.00346
1.00347
1.00347
1.00347
1.00347
1.00347
1.00347
1.00348
1.00348
1.00348
1.00348
1.00348
1.00348
1.00348
1.00349
1.00349
1.00349
1.00349
1.00349
1.00349
1.0035
1.0035
1.0035
1.0035
1.0035
1.0035
1.0035
1.00351
1.00351
1.00351
1.00351
1.00351
1.00351
1.00351
1.00352
1.00352
1.00352
1.00352
1.00352
1.00352
1.00352
1.00352
1.00353
1.00353
1.00353
1.00353
1.00353
1.00353
1.00353
1.00354
1.00354
1.00354
1.00354
1.00354
1.00354
1.00354
1.00354
1.00355
1.00355
1.00355
1.00355
1.00355
1.00355
1.00355
1.00355
1.00355
1.00356
1.00356
1.00356
1.00356
1.00356
1.00356
1.00356
1.00356
1.00356
1.00357
1.00357
1.00357
1.00357
1.00357
1.00357
1.00357
1.00357
1.00357
1.00357
1.00358
1.00358
1.00358
1.00358
1.00358
1.00358
1.00358
1.00358
1.00358
1.00358
1.00358
1.00358
1.00359
1.00359
1.00359
1.00359
1.00359
1.00359
1.00359
1.00359
1.00359
1.00359
1.00359
1.00359
1.00359
1.0036
1.0036
1.0036
1.0036
1.0036
1.0036
1.0036
1.0036
1.0036
1.0036
1.0036
1.0036
1.0036
1.0036
1.0036
1.0036
1.0036
1.0036
1.00361
1.00361
1.00361
1.00361
1.00361
1.00361
1.00361
1.00361
1.00361
1.00361
1.00361
1.00361
1.00361
1.00361
1.00361
1.00361
1.00361
1.00361
1.00361
1.00361
1.00361
1.00361
1.00361
1.00361
1.00361
1.00361
1.00361
1.00361
1.00361
1.00361
1.00361
1.00361
1.00361
1.00361
1.00361
1.00361
1.00361
1.00361
1.00361
1.00361
1.00361
1.00361
1.00361
1.00361
1.00361
1.00361
1.00361
1.00361
1.00361
1.00361
1.00361
1.00361
1.00361
1.00361
1.00361
1.00361
1.00361
1.00361
1.00361
1.0036
1.0036
1.0036
1.0036
1.0036
1.0036
1.0036
1.0036
1.0036
1.0036
1.0036
1.0036
1.0036
1.0036
1.0036
1.0036
1.00359
1.00359
1.00359
1.00359
1.00359
1.00359
1.00359
1.00359
1.00359
1.00359
1.00359
1.00358
1.00358
1.00358
1.00358
1.00358
1.00358
1.00358
1.00358
1.00358
1.00357
1.00357
1.00357
1.00357
1.00357
1.00357
1.00357
1.00357
1.00356
1.00356
1.00356
1.00356
1.00356
1.00356
1.00356
1.00355
1.00355
1.00355
1.00355
1.00355
1.00355
1.00354
1.00354
1.00354
1.00354
1.00354
1.00354
1.00353
1.00353
1.00353
1.00353
1.00353
1.00353
1.00352
1.00352
1.00352
1.00352
1.00352
1.00351
1.00351
1.00351
1.00351
1.0035
1.0035
1.0035
1.0035
1.0035
1.00349
1.00349
1.00349
1.00349
1.00348
1.00348
1.00348
1.00348
1.00347
1.00347
1.00347
1.00347
1.00346
1.00346
1.00346
1.00346
1.00345
1.00345
1.00345
1.00345
1.00344
1.00344
1.00344
1.00343
1.00343
1.00343
1.00343
1.00342
1.00342
1.00342
1.00341
1.00341
1.00341
1.0034
1.0034
1.0034
1.0034
1.00339
1.00339
1.00339
1.00338
1.00338
1.00338
1.00337
1.00337
1.00336
1.00336
1.00336
1.00335
1.00335
1.00335
1.00334
1.00334
1.00334
1.00333
1.00333
1.00332
1.00332
1.00332
1.00331
1.00331
1.0033
1.0033
1.0033
1.00329
1.00329
1.00328
1.00328
1.00328
1.00327
1.00327
1.00326
1.00326
1.00325
1.00325
1.00325
1.00324
1.00324
1.00323
1.00323
1.00322
1.00322
1.00321
1.00321
1.0032
1.0032
1.00319
1.00319
1.00318
1.00318
1.00318
1.00317
1.00317
1.00316
1.00315
1.00315
1.00314
1.00314
1.00313
1.00313
1.00312
1.00312
1.00311
1.00311
1.0031
1.0031
1.00309
1.00309
1.00308
1.00307
1.00307
1.00306
1.00306
1.00305
1.00305
1.00304
1.00303
1.00303
1.00302
1.00302
1.00301
1.003
1.003
1.00299
1.00299
1.00298
1.00298
1.00298
1.00299
1.00299
1.00299
1.003
1.003
1.003
1.003
1.00301
1.00301
1.003
1.003
1.00299
1.00298
1.00298
1.00298
1.00298
1.00298
1.00299
1.00299
1.00299
1.00299
1.003
1.003
1.003
1.003
1.00301
1.00301
1.003
1.003
1.00299
1.00298
1.00297
1.00298
1.00298
1.00298
1.00298
1.00298
1.00299
1.00299
1.00299
1.00299
1.003
1.003
1.003
1.003
1.003
1.003
1.00301
1.003
1.00299
1.00298
1.00298
1.00298
1.00298
1.00298
1.00298
1.00299
1.00299
1.00299
1.00299
1.00299
1.00299
1.003
1.003
1.003
1.003
1.003
1.003
1.003
1.003
1.00299
1.00298
1.00297
1.00297
1.00298
1.00298
1.00298
1.00298
1.00298
1.00298
1.00298
1.00298
1.00299
1.00299
1.00299
1.00299
1.00299
1.00299
1.00299
1.00299
1.00299
1.00299
1.003
1.003
1.003
1.003
1.003
1.003
1.003
1.003
1.003
1.00299
1.00299
1.00298
1.00297
1.00297
1.00297
1.00297
1.00297
1.00297
1.00297
1.00297
1.00297
1.00297
1.00297
1.00297
1.00298
1.00298
1.00298
1.00298
1.00298
1.00298
1.00298
1.00298
1.00298
1.00298
1.00298
1.00298
1.00298
1.00298
1.00298
1.00298
1.00298
1.00298
1.00298
1.00298
1.00298
1.00298
1.00298
1.00298
1.00298
1.00298
1.00298
1.00298
1.00298
1.00298
1.00298
1.00298
1.00298
1.00298
1.00298
1.00298
1.00298
1.00298
1.00298
1.00298
1.00298
1.00298
1.00297
1.00297
1.00297
1.00297
1.00297
1.00297
1.00297
1.00297
1.00297
1.00297
1.00297
1.00297
1.00297
1.00297
1.00297
1.00297
1.00297
1.00296
1.00296
1.00296
1.00296
1.00296
1.00296
1.00296
1.00296
1.00296
1.00296
1.00296
1.00295
1.00295
1.00295
1.00295
1.00295
1.00295
1.00295
1.00295
1.00295
1.00294
1.00294
1.00294
1.00294
