-0.00122625
-0.00367636
-0.0071782
-0.00898293
-0.00897364
-0.00703094
-0.00293853
0.00305521
0.0108823
0.0204721
0.0314699
0.0438859
0.0575427
0.0721633
0.0876505
0.103904
0.120729
0.138015
0.155747
0.173813
0.1921
0.210491
0.229056
0.247678
0.266238
0.284802
0.303251
0.32165
0.33988
0.358006
0.37591
0.393655
0.411217
0.428474
0.445586
0.462435
0.478993
0.495328
0.511415
0.527229
0.542838
0.558126
0.573162
0.58792
0.602473
0.616704
0.630683
0.644483
0.657989
0.671273
0.684315
0.697094
0.709684
0.721972
0.73403
0.745838
0.757473
0.768915
0.780053
0.791056
0.801813
0.8124
0.822706
0.832807
0.842779
0.852513
0.862087
0.871484
0.88069
0.889688
0.898462
0.90709
0.915557
0.92385
0.931952
0.93985
0.947621
0.955253
0.962732
0.970044
0.977177
0.984114
0.990937
0.997538
1.004
1.0103
1.01653
1.02258
1.02853
1.03428
1.03991
1.0454
1.05075
1.05593
1.06104
1.06596
1.07079
1.07551
1.08001
1.08446
1.08878
1.09294
1.09694
1.10085
1.10466
1.10838
1.11198
1.11546
1.11881
1.12201
1.12515
1.12813
1.13104
1.13376
1.13639
1.1389
1.1413
1.14367
1.14591
1.1481
1.15015
1.15212
1.15403
1.15577
1.15741
1.15897
1.16041
1.16184
1.16315
1.16443
1.16558
1.16668
1.16764
1.16854
1.16938
1.17014
1.17082
1.17142
1.17193
1.17234
1.17274
1.17303
1.1733
1.17345
1.17357
1.17356
1.17351
1.17341
1.17326
1.17305
1.17277
1.17244
1.17203
1.17154
1.17107
1.17052
1.16988
1.16924
1.1685
1.16776
1.16701
1.16615
1.16528
1.16439
1.16339
1.16236
1.1613
1.16021
1.15908
1.15792
1.15672
1.15548
1.1542
1.15296
1.15168
1.15034
1.14896
1.14761
1.14622
1.14476
1.14334
1.14186
1.14032
1.13882
1.13724
1.1357
1.13409
1.13251
1.13086
1.12923
1.12753
1.12586
1.12421
1.12249
1.12079
1.11911
1.11736
1.11563
1.11392
1.11213
1.11037
1.10863
1.1069
1.10511
1.10334
1.10158
1.09985
1.09805
1.09627
1.09451
1.09278
1.09097
1.08919
1.08744
1.08571
1.08401
1.08224
1.0805
1.0788
1.07703
1.07528
1.07357
1.0719
1.07016
1.06846
1.0668
1.06518
1.0635
1.06186
1.06027
1.05862
1.05702
1.05547
1.05387
1.05231
1.05072
1.04918
1.04769
1.04616
1.04469
1.04318
1.04173
1.04026
1.03884
1.03739
1.03601
1.03461
1.03327
1.03191
1.03053
1.02922
1.0279
1.02665
1.02539
1.02412
1.02293
1.02174
1.02053
1.01932
1.0182
1.01708
1.01596
1.01484
1.01372
1.01261
1.0116
1.01059
1.0096
1.00862
1.00765
1.0067
1.00577
1.00485
1.00396
1.00308
1.00223
1.00141
1.00062
0.999756
0.998925
0.998124
0.997356
0.996623
0.995926
0.995175
0.994461
0.993789
0.993158
0.992479
0.991845
0.991257
0.990625
0.990041
0.989509
0.988936
0.988417
0.98786
0.987359
0.986916
0.986439
0.986024
0.985578
0.985196
0.984786
0.984347
0.983975
0.983578
0.98325
0.9829
0.982621
0.982324
0.982007
0.981765
0.981508
0.981235
0.980946
0.980736
0.980514
0.98028
0.980128
0.979968
0.979799
0.979623
0.97944
0.979343
0.979242
0.979138
0.979031
0.978921
0.978809
0.978696
0.978581
0.978559
0.978539
0.978523
0.97851
0.978501
0.978497
0.978498
0.978504
0.978517
0.978537
0.978564
0.978599
0.978643
0.978696
0.978759
0.978833
0.978917
0.979014
0.979122
0.979244
0.979379
0.979435
0.979503
0.979584
0.979678
0.979786
0.979909
0.980048
0.980202
0.980373
0.980561
0.980674
0.980802
0.980947
0.98111
0.98129
0.981489
0.981707
0.981851
0.982013
0.982193
0.982392
0.982611
0.982756
0.98292
0.983103
0.983305
0.983527
0.98377
0.983941
0.984131
0.984341
0.984571
0.984823
0.985002
0.985202
0.985421
0.985661
0.985829
0.986016
0.986223
0.986451
0.986699
0.986875
0.987071
0.987286
0.987522
0.987779
0.987964
0.988168
0.988392
0.988637
0.988902
0.989095
0.989308
0.98954
0.989793
0.989972
0.99017
0.990387
0.990624
0.990881
0.991064
0.991266
0.991486
0.991726
0.99189
0.992073
0.992272
0.99249
0.992727
0.992888
0.993066
0.99326
0.993472
0.993702
0.993855
0.994025
0.99421
0.994412
0.99463
0.994771
0.994927
0.995098
0.995284
0.995486
0.995703
0.995843
0.995996
0.996164
0.996346
0.996542
0.996753
0.996886
0.997031
0.997189
0.99736
0.997545
0.997649
0.997765
0.997892
0.99803
0.99818
0.998342
0.998517
0.998609
0.998711
0.998823
0.998946
0.999078
0.999221
0.999374
0.999539
0.99962
0.999709
0.999808
0.999914
1.00003
1.00015
1.00029
1.00043
1.00049
1.00055
1.00062
1.0007
1.00078
1.00087
1.00097
1.00108
1.00119
1.00131
1.00143
1.00147
1.00152
1.00157
1.00162
1.00168
1.00175
1.00181
1.00189
1.00197
1.00205
1.00214
1.00223
1.00233
1.00234
1.00235
1.00237
1.00238
1.0024
1.00243
1.00245
1.00248
1.0025
1.00253
1.00257
1.0026
1.00264
1.00268
1.00272
1.00276
1.0028
1.00285
1.0029
1.00295
1.003
1.00306
1.00311
1.00317
1.00314
1.00311
1.00307
1.00303
1.003
1.00296
1.00292
1.00288
1.00293
1.00298
1.00303
1.00309
1.00314
1.0032
1.00316
1.00312
1.00308
1.00304
1.003
1.00295
1.0029
1.00285
1.00289
1.00293
1.00297
1.00301
1.00305
1.0031
1.00314
1.00308
1.00303
1.00297
1.00291
1.00284
1.00277
1.0028
1.00282
1.00284
1.00286
1.00288
1.00289
1.00291
1.00293
1.00294
1.00296
1.00297
1.00298
1.00299
1.003
1.00301
1.00302
1.00303
1.00294
1.00284
1.00275
1.00264
1.00263
1.00261
1.0026
1.00258
1.00256
1.00253
1.00251
1.00248
1.00244
1.00241
1.00237
1.00233
1.00229
1.00225
1.0022
1.00214
1.00209
1.00203
1.00197
1.0019
1.00183
