-0.122625
-0.36506
-0.348555
-0.109079
-0.333766
-0.79556
-1.6696
-2.24388
-2.78847
-2.8689
-2.64355
-2.15147
-1.20655
-0.22288
0.475814
1.45307
2.1755
3.29665
4.94094
6.40799
7.60096
8.72136
9.69696
11.0069
12.2657
13.7547
15.171
16.5785
18.1966
19.7325
21.3517
23.2814
25.2058
26.9689
28.5102
30.2082
31.5765
33.2119
35.1577
36.9499
38.3643
39.553
40.6243
42.0621
43.6048
44.8104
46.1878
47.7824
49.6778
51.3461
52.8128
54.0713
55.594
57.3353
59.4004
61.2907
63.3475
65.0089
66.6063
67.9239
69.0141
69.7267
70.5371
71.3694
72.148
72.9764
74.2509
75.4427
76.1594
76.8415
77.4433
78.3917
79.7267
80.9386
82.3617
83.9473
85.6428
87.696
89.7438
91.7269
93.4911
95.09
96.1992
97.4908
98.8847
100.07
101.14
102.468
103.716
104.792
106.234
107.184
108.09
108.734
109.122
109.267
109.591
109.917
110.121
110.123
110.257
110.144
110.415
110.957
111.279
111.325
111.225
111.143
110.884
110.403
110.443
110.694
111.072
111.591
112.263
112.454
112.471
112.575
112.938
113.587
114.344
114.822
115.239
115.677
116.32
116.898
117.761
118.247
118.338
118.316
118.052
118.142
118.41
118.437
118.033
117.261
116.333
115.872
115.89
115.618
115.864
115.909
115.739
115.262
115.179
115.212
115.182
115.085
115.02
115.301
115.606
115.639
115.838
116.257
117.22
118.484
119.263
119.607
119.989
120.143
119.786
119.519
119.505
119.36
119.122
119.116
118.585
118.061
117.234
116.334
115.542
114.487
113.098
112.014
111.002
110.327
109.531
109.165
109.122
108.992
108.838
108.953
108.807
109.107
109.694
110.077
110.289
110.434
110.657
110.74
110.484
110.497
110.345
110.696
110.762
110.849
110.858
110.786
110.584
110.779
111.116
111.357
111.355
111.251
111.379
111.424
111.29
110.808
110.324
109.619
109.437
109.069
109.191
109.095
108.937
108.724
108.546
108.356
107.977
107.234
106.698
106.187
105.778
104.991
104.55
104.442
104.533
104.376
104.519
104.538
104.944
104.973
105.032
105.082
105.356
106.003
106.761
107.432
107.599
107.432
107.265
106.761
106.106
105.471
104.763
104.323
104.338
104.807
104.953
105.369
105.451
105.353
105.195
105.329
105.854
105.889
106.235
106.398
106.545
106.936
107.003
106.687
106.626
106.287
105.761
105.344
104.677
104.009
103.542
103.145
103.079
103.408
103.983
104.752
105.273
105.778
106.551
106.996
107.035
107.226
106.919
106.084
104.911
103.988
102.88
102.102
101.209
100.021
98.9216
97.8718
97.2871
96.9142
96.9823
96.9302
97.4058
98.3931
99.4712
100.7
101.45
101.898
102.553
102.967
103.347
103.796
104.71
106.034
107.43
108.579
109.631
110.606
111.662
112.339
112.937
113.775
114.178
114.854
115.425
115.973
116.424
116.79
117.417
117.68
117.913
118.461
119.223
119.93
120.928
122.226
123.863
125.913
127.964
129.831
131.783
133.687
135.201
136.976
139.073
140.902
142.497
143.782
145.247
146.38
147.647
148.744
149.534
150.384
151.18
152.18
153.076
154.046
155.31
156.625
158.002
159.411
160.628
162.328
164.061
165.502
166.748
167.847
169.056
170.079
170.68
171.504
172.092
173.096
174.599
175.836
176.576
176.818
177.153
177.216
176.953
176.411
175.901
175.313
174.729
174.313
173.943
173.629
173.308
172.725
172.578
172.673
172.884
173.412
173.676
174.055
174.133
174.092
173.877
173.911
174.199
174.583
175.002
174.936
174.691
174.698
174.538
174.43
174.363
174.71
175.369
176.013
176.354
176.526
176.646
176.263
176.09
175.92
175.458
174.99
174.117
173.556
173.484
173.781
173.937
174.441
174.578
174.534
174.166
173.661
173.119
172.5
171.966
171.52
171.091
170.674
170.11
169.227
167.97
166.422
164.853
163.561
162.201
160.658
159.56
158.189
156.914
155.536
154.216
153.039
151.59
150.442
149.313
147.968
146.687
145.856
145.229
144.911
144.805
144.376
144.125
143.536
143.013
142.713
142.266
141.903
141.454
141.396
141.722
142.194
142.74
143.572
144.749
145.691
146.824
148.33
150.091
151.507
152.55
153.851
155.154
156.637
157.652
158.743
159.901
160.853
161.907
162.727
163.82
165.19
166.658
168.348
169.568
170.431
171.271
172.259
173.446
174.757
175.658
176.324
176.869
177.44
177.939
178.147
178.584
178.765
179.139
179.567
180.197
180.788
181.471
182.468
182.988
183.367
183.786
184.115
184.208
184.47
185.13
185.712
186.749
187.405
188.231
188.526
188.71
188.363
188.191
187.983
188.027
188.291
188.043
187.64
187.121
186.509
185.813
185.609
185.579
185.415
185.705
186.359
187.491
188.595
189.431
189.824
190.177
190.476
190.974
191.361
191.786
192.402
193.022
193.734
194.449
194.897
195.012
194.613
194.431
193.803
193.117
192.26
191.259
189.961
188.609
186.781
185.203
183.965
182.782
181.916
181.043
179.781
178.948
178.085
176.97
175.805
174.861
174.133
173.083
171.898
171.198
170.672
169.785
168.758
168.083
167.673
167.179
166.967
166.838
166.6
166.416
166.035
165.354
164.437
163.142
161.665
160.6
159.675
158.788
157.668
156.24
154.796
153.023
151.638
150.541
149.53
148.095
146.774
