-0.0306563
-0.0916767
-0.0788204
-0.018524
0.107948
0.109222
0.168209
0.262309
0.356315
0.509915
0.69738
0.90158
1.1223
1.32897
1.49915
1.61655
1.66095
1.62507
1.51058
1.32856
1.1017
0.860129
0.640774
0.48149
0.202587
-0.174311
-0.641688
-1.20834
-1.78298
-2.27332
-2.79935
-3.25851
-3.59611
-3.80745
-4.04373
-4.29377
-4.58004
-4.93796
-5.3335
-5.73598
-6.09817
-0.277476
-0.772576
-1.23919
-1.63411
-1.97659
-2.32369
-2.63858
-2.91141
-3.1293
-3.25368
-3.26523
-3.15146
-2.90896
-2.55909
-2.14273
-1.72118
-1.36992
-0.947811
-0.517489
-0.110846
0.28232
0.607293
0.839057
0.967558
0.977329
0.8778
0.693556
0.459232
0.224218
0.043802
-0.243809
-0.596084
-0.988619
-1.4213
-1.80934
-2.29338
-2.80777
-3.28615
-3.71084
-4.21072
-4.73376
-5.26298
-5.79311
-6.24775
-0.494273
-1.03418
-1.51188
-1.89268
-2.20125
-2.50292
-2.77754
-3.02823
-3.25351
-3.42415
-3.5212
-3.52575
-3.42031
-3.20251
-2.88364
-2.49237
-2.07696
-1.70048
-1.21658
-0.689683
-0.164101
0.353663
0.788454
1.09585
1.46429
1.87308
2.34135
2.9172
3.55261
4.19525
4.76737
5.36898
5.9023
0.227827
0.889454
1.54389
2.18596
2.8728
3.66777
4.52252
5.37177
6.11517
0.556914
1.16763
1.81952
2.50995
3.328
4.19581
5.03021
5.94827
0.522644
1.44031
2.38258
3.25592
4.15006
5.07915
5.93285
0.371997
1.0926
1.73062
2.47614
3.25806
4.15443
5.14042
6.07934
0.804415
1.7642
2.79103
3.84523
4.93159
6.09394
0.915462
2.09046
3.26427
4.53098
5.7125
0.498285
1.57633
2.54641
3.58573
4.57289
5.5248
0.10657
0.975715
1.80371
2.548
3.32111
4.18703
5.08744
5.97507
0.473107
1.24877
1.94322
2.71658
3.47989
4.30392
5.15533
5.91225
0.431514
1.18255
2.02459
2.95549
3.8155
4.69089
5.66653
0.319631
1.17423
2.09649
2.98229
3.91335
4.76633
5.63107
0.148118
0.994798
1.86359
2.69746
3.60378
4.62386
5.65706
0.3433
1.35232
2.28622
3.28975
4.23522
5.13826
5.93538
0.430177
1.13776
1.73163
2.41841
3.07065
3.80066
4.60841
5.37641
6.04523
0.437475
1.0164
1.67307
2.40729
3.08914
3.85221
4.60408
5.44595
0.0385502
0.837219
1.50854
2.16963
2.87745
3.53256
4.14249
4.86235
5.59241
6.28262
0.609449
1.24416
1.84699
2.38786
2.98831
3.72174
4.55225
5.4433
0.00928428
0.898383
1.72309
2.61507
3.45749
4.29492
5.07838
5.89832
0.408466
1.10719
1.8941
2.70128
3.6174
4.54404
5.57302
0.319962
1.22163
2.14424
2.9798
3.78402
4.66718
5.52648
0.0289858
0.679933
1.30598
1.85772
2.44606
3.01121
3.52569
3.97908
4.51328
5.07748
5.6328
6.15094
0.256701
0.663637
1.04327
1.3674
1.57878
1.77128
1.93576
2.07828
2.23738
2.40893
2.59514
2.79521
2.989
3.15573
3.26994
3.51882
3.88238
4.34822
4.91246
5.47021
5.91865
0.0899632
0.450836
0.882875
1.39601
1.8718
2.2531
2.70087
3.14782
3.57782
3.99898
4.33645
4.75603
5.21342
5.65931
6.08633
0.126483
0.496198
0.873479
1.2271
1.49356
1.75817
1.99922
2.20822
2.41021
2.58882
2.73781
2.85507
2.92606
2.94451
2.90778
2.81577
2.67804
2.50968
2.32961
2.15996
2.02151
1.93224
1.90304
1.93659
2.02526
2.15224
2.29259
2.416
2.48999
2.48601
2.59775
2.82021
3.16905
3.4621
3.84622
4.24244
4.55177
4.76203
5.00223
5.22064
5.41714
5.60417
5.73431
5.78616
5.74031
5.57446
5.2933
4.91993
4.49765
4.09118
3.77033
3.38484
2.9806
2.56991
2.12352
1.68139
1.26147
0.878496
0.566344
0.132763
-0.407166
-1.0399
-1.7611
-2.45966
-3.02662
-3.57481
-4.0052
-4.48911
-5.0455
-5.64545
-0.0263908
-0.683853
-1.4488
-2.21619
-2.99709
-3.64022
-4.25078
-4.77533
-5.36818
-6.04763
-0.495564
-1.25772
-1.93909
-2.62202
-3.32333
-4.08669
-4.90214
-5.73209
-0.241163
-1.1134
-1.94732
-2.84382
-3.64119
-4.3597
-4.96392
-5.58084
-6.19859
-0.508723
-1.06322
-1.70894
-2.35832
-3.07116
-3.71924
-4.42499
-5.14545
-5.8091
-0.115193
-0.75276
-1.35144
-1.8519
-2.34097
-2.85597
-3.35551
-3.83913
-4.27246
-4.60482
-5.0165
-5.47658
-5.97202
-0.231479
-0.736311
-1.33375
-1.93336
-2.56657
-3.10345
-3.66047
-4.18769
-4.6245
-4.97579
-5.40167
-5.87246
-0.104834
-0.662039
-1.16891
-1.75013
-2.22746
-2.64633
-2.97908
-3.35078
-3.76475
-4.2105
-4.70048
-5.19087
-5.63139
-6.18233
-0.492546
-1.06957
-1.58715
-2.1306
-2.73089
-3.24524
-3.65292
-4.11088
-4.54727
-4.96251
-5.37421
-5.72096
-6.18364
-0.444111
-1.01682
-1.59033
-2.25139
-2.80042
-3.29122
-3.6721
-4.06306
-4.47132
-4.88536
-5.32537
-5.75461
-6.12716
-0.325612
-0.850827
-1.36294
-1.8237
-2.24461
-2.67399
-3.06514
-3.39603
-3.64527
-3.76962
-3.96042
-4.2111
-4.5321
-4.75165
-5.02976
-5.31231
-5.53413
-5.71265
-5.99827
-0.0679691
-0.479719
-0.932198
-1.32387
-1.69869
-2.10697
-2.47944
-2.80038
-3.03691
-3.34667
-3.7078
-4.11263
-4.57827
-5.04766
-5.47056
-6.00574
-0.298725
-0.860946
-1.36954
-1.91201
-2.521
-3.05167
-3.47867
-3.95343
-4.39898
-4.81097
-5.20419
-5.51816
-5.93833
-0.154521
-0.694105
-1.25978
-1.7363
-2.14733
-2.54188
-2.8522
-3.07152
-3.18934
-3.17395
-3.02922
-2.76895
-2.41937
-2.03495
-1.68063
-1.42639
-1.12034
-0.805673
-0.492804
-0.152222
0.173978
0.465165
0.707602
0.872647
0.950395
0.93891
0.844979
0.690558
0.506797
0.332701
0.210675
-0.0344116
-0.374354
-0.796662
-1.30635
-1.81329
-2.22953
-2.68386
-3.08329
-3.3808
-3.57871
-3.83086
-4.12386
-4.47565
-4.91188
-5.38717
-5.85812
-6.26361
-0.44796
-0.901238
-1.27791
-1.75881
-2.16259
-2.56865
-2.96955
-3.26959
-3.46474
-3.72844
-4.02462
-4.36991
-4.79267
-5.23965
-5.6716
